9.99900000e+03 1.10675542e+06
9.52685143e+03 1.01101328e+06
9.07699530e+03 9.23763025e+05
8.64837905e+03 8.44238274e+05
8.23999986e+03 7.71742540e+05
7.85090223e+03 7.05642815e+05
7.48017579e+03 6.45363754e+05
7.12695315e+03 5.90382387e+05
6.79040787e+03 5.40223327e+05
6.46975252e+03 4.94454405e+05
6.16423687e+03 4.52682721e+05
5.87314609e+03 4.14551041e+05
5.59579913e+03 3.79734540e+05
5.33154706e+03 3.47937837e+05
5.07977161e+03 3.18892300e+05
4.83988371e+03 2.92353606e+05
4.61132208e+03 2.68099516e+05
4.39355196e+03 2.45927860e+05
4.18606382e+03 2.25654708e+05
3.98837220e+03 2.07112701e+05
3.80001456e+03 1.90149545e+05
3.62055021e+03 1.74626636e+05
3.44955923e+03 1.60417813e+05
3.28664157e+03 1.47408226e+05
3.13141605e+03 1.35493307e+05
2.98351947e+03 1.24577838e+05
2.84260581e+03 1.14575096e+05
2.70834537e+03 1.05406087e+05
2.58042402e+03 9.69988466e+04
2.45854246e+03 8.92877964e+04
2.34241551e+03 8.22131721e+04
2.23177148e+03 7.57204955e+04
2.12635150e+03 6.97600972e+04
2.02590890e+03 6.42866829e+04
1.93020869e+03 5.92589393e+04
1.83902695e+03 5.46391757e+04
1.75215034e+03 5.03929985e+04
1.66937560e+03 4.64890152e+04
1.59050905e+03 4.28985658e+04
1.51536618e+03 3.95954780e+04
1.44377117e+03 3.65558454e+04
1.37555651e+03 3.37578252e+04
1.31056259e+03 3.11814548e+04
1.24863735e+03 2.88084846e+04
1.18963590e+03 2.66222267e+04
1.13342020e+03 2.46074162e+04
1.07985871e+03 2.27500862e+04
1.02882612e+03 2.10374530e+04
9.80203029e+02 1.94578133e+04
9.33875669e+02 1.80004476e+04
8.89735648e+02 1.66555366e+04
8.47679693e+02 1.54140814e+04
8.07609403e+02 1.42678325e+04
7.69431026e+02 1.32092254e+04
7.33055235e+02 1.22313208e+04
6.98396923e+02 1.13277512e+04
6.65374997e+02 1.04926718e+04
6.33912197e+02 9.72071596e+03
6.03934909e+02 9.00695408e+03
5.75372994e+02 8.34685689e+03
5.48159626e+02 7.73626138e+03
5.22231133e+02 7.17134000e+03
4.97526850e+02 6.64857246e+03
4.73988976e+02 6.16472004e+03
4.51562440e+02 5.71680210e+03
4.30194769e+02 5.30207466e+03
4.09835970e+02 4.91801081e+03
3.90438409e+02 4.56228283e+03
3.71956700e+02 4.23274585e+03
3.54347603e+02 3.92742284e+03
3.37569917e+02 3.64449103e+03
3.21584387e+02 3.38226930e+03
3.06353611e+02 3.13920679e+03
2.91841955e+02 2.91387238e+03
2.78015464e+02 2.70494510e+03
2.64841789e+02 2.51120532e+03
2.52290107e+02 2.33152669e+03
2.40331051e+02 2.16486873e+03
2.28936640e+02 2.01027008e+03
2.18080214e+02 1.86684220e+03
2.07736374e+02 1.73376375e+03
1.97880916e+02 1.61027525e+03
1.88490782e+02 1.49567434e+03
1.79544002e+02 1.38931127e+03
1.71019642e+02 1.29058491e+03
1.62897760e+02 1.19893894e+03
1.55159351e+02 1.11385843e+03
1.47786309e+02 1.03486668e+03
1.40761385e+02 9.61522279e+02
1.34068141e+02 8.93416443e+02
1.27690919e+02 8.30170518e+02
1.21614795e+02 7.71433714e+02
1.15825555e+02 7.16880997e+02
1.10309653e+02 6.66211151e+02
1.05054184e+02 6.19144994e+02
1.00046851e+02 5.75423727e+02
9.52759385e+01 5.34807411e+02
9.07302839e+01 4.97073566e+02
8.63992517e+01 4.62015874e+02
8.22727085e+01 4.29442976e+02
7.83409995e+01 3.99177373e+02
7.45949256e+01 3.71054398e+02
7.10257221e+01 3.44921277e+02
6.76250379e+01 3.20636247e+02
6.43849166e+01 2.98067757e+02
6.12977771e+01 2.77093716e+02
5.83563965e+01 2.57600802e+02
5.55538928e+01 2.39483825e+02
5.28837088e+01 2.22645133e+02
5.03395973e+01 2.06994065e+02
4.79156055e+01 1.92446445e+02
4.56060622e+01 1.78924108e+02
4.34055637e+01 1.66354471e+02
4.13089614e+01 1.54670126e+02
3.93113498e+01 1.43808468e+02
3.74080552e+01 1.33711349e+02
3.55946244e+01 1.24324756e+02
3.38668145e+01 1.15598517e+02
3.22205828e+01 1.07486022e+02
3.06520778e+01 9.99439703e+01
2.91576295e+01 9.29321326e+01
2.77337413e+01 8.64131305e+01
2.63770818e+01 8.03522341e+01
2.50844769e+01 7.47171723e+01
2.38529020e+01 6.94779574e+01
2.26794758e+01 6.46067230e+01
2.15614528e+01 6.00775723e+01
2.04962170e+01 5.58664385e+01
1.94812762e+01 5.19509546e+01
1.85142557e+01 4.83103326e+01
1.75928929e+01 4.49252515e+01
1.67150321e+01 4.17777536e+01
1.58786194e+01 3.88511472e+01
1.50816978e+01 3.61299178e+01
1.43224028e+01 3.35996440e+01
1.35989577e+01 3.12469208e+01
1.29096700e+01 2.90592875e+01
1.22529270e+01 2.70251609e+01
1.16271919e+01 2.51337736e+01
1.10310009e+01 2.33751162e+01
1.04629589e+01 2.17398840e+01
9.92173692e+00 2.02194274e+01
9.40606868e+00 1.88057056e+01
8.91474764e+00 1.74912436e+01
8.44662425e+00 1.62690928e+01
8.00060324e+00 1.51327938e+01
7.57564105e+00 1.40763418e+01
7.17074339e+00 1.30941549e+01
6.78496291e+00 1.21810446e+01
6.41739700e+00 1.13321877e+01
6.06718567e+00 1.05431011e+01
5.73350951e+00 9.80961777e+00
5.41558782e+00 9.12786477e+00
5.11267677e+00 8.49424255e+00
4.82406761e+00 7.90540591e+00
4.54908509e+00 7.35824633e+00
4.28708584e+00 6.84987486e+00
4.03745684e+00 6.37760773e+00
3.79961403e+00 5.93895136e+00
3.57300095e+00 5.53158931e+00
3.35708736e+00 5.15336988e+00
3.15136811e+00 4.80229458e+00
2.95536186e+00 4.47650746e+00
2.76861002e+00 4.17428508e+00
2.59067563e+00 3.89402718e+00
2.42114240e+00 3.63424796e+00
2.25961365e+00 3.39356793e+00
2.10571146e+00 3.17070624e+00
1.95907574e+00 2.96447349e+00
1.81936340e+00 2.77376492e+00
1.68624756e+00 2.59755405e+00
1.55941677e+00 2.43488655e+00
1.43857427e+00 2.28487451e+00
1.32343734e+00 2.14669088e+00
1.21373658e+00 2.01956433e+00
1.10921532e+00 1.90277417e+00
1.00962903e+00 1.79564567e+00
9.14744679e-01 1.69754555e+00
8.24340284e-01 1.60787783e+00
7.38204319e-01 1.52607995e+00
6.56135252e-01 1.45161929e+00
5.77941063e-01 1.38399004e+00
5.03438802e-01 1.32271066e+00
4.32454155e-01 1.26732164e+00
3.64821037e-01 1.21738392e+00
3.00381208e-01 1.17247773e+00
2.38983896e-01 1.13220195e+00
1.80485449e-01 1.09617377e+00
1.24748998e-01 1.06402882e+00
7.16441351e-02 1.03542140e+00
2.10466109e-02 1.01002493e+00
-2.71619583e-02 9.87532313e-01
-7.30943669e-02 9.67656331e-01
-1.16858083e-01 9.50129822e-01
-1.58555502e-01 9.34705688e-01
-1.98284184e-01 9.21156681e-01
-2.36137081e-01 9.09274971e-01
-2.72202759e-01 8.98871497e-01
-3.06565601e-01 8.89775146e-01
-3.39306007e-01 8.81831784e-01
