5.00000000e-04 1.23918212e+00
5.11392954e-04 1.26631177e+00
5.23045507e-04 1.29403047e+00
5.34963574e-04 1.32235069e+00
5.47153205e-04 1.35128512e+00
5.59620588e-04 1.38084673e+00
5.72372051e-04 1.41104869e+00
5.85414068e-04 1.44190443e+00
5.98753260e-04 1.47342762e+00
6.12396397e-04 1.50563219e+00
6.26350405e-04 1.53853236e+00
6.40622368e-04 1.57214255e+00
6.55219530e-04 1.60647749e+00
6.70149302e-04 1.64155215e+00
6.85419263e-04 1.67738182e+00
7.01037164e-04 1.71398197e+00
7.17010932e-04 1.75136838e+00
7.33348678e-04 1.78955708e+00
7.50058693e-04 1.82856442e+00
7.67149462e-04 1.86840698e+00
7.84629659e-04 1.90910160e+00
8.02508159e-04 1.95066540e+00
8.20794036e-04 1.99311579e+00
8.39496574e-04 2.03647049e+00
8.58625266e-04 2.08074738e+00
8.78189822e-04 2.12596463e+00
8.98200175e-04 2.17214074e+00
9.18666482e-04 2.21929446e+00
9.39599132e-04 2.26744474e+00
9.61008752e-04 2.31661074e+00
9.82906209e-04 2.36681191e+00
1.00530262e-03 2.41806802e+00
1.02820935e-03 2.47039900e+00
1.05163804e-03 2.52382494e+00
1.07560057e-03 2.57836619e+00
1.10010910e-03 2.63404338e+00
1.12517609e-03 2.69087737e+00
1.15081425e-03 2.74888905e+00
1.17703659e-03 2.80809950e+00
1.20385644e-03 2.86853004e+00
1.23128740e-03 2.93020222e+00
1.25934341e-03 2.99313760e+00
1.28803869e-03 3.05735772e+00
1.31738782e-03 3.12288429e+00
1.34740570e-03 3.18973925e+00
1.37810756e-03 3.25794452e+00
1.40950899e-03 3.32752183e+00
1.44162594e-03 3.39849293e+00
1.47447469e-03 3.47087971e+00
1.50807194e-03 3.54470407e+00
1.54243473e-03 3.61998761e+00
1.57758050e-03 3.69675170e+00
1.61352711e-03 3.77501772e+00
1.65029279e-03 3.85480703e+00
1.68789621e-03 3.93614059e+00
1.72635646e-03 4.01903868e+00
1.76569306e-03 4.10352140e+00
1.80592598e-03 4.18960868e+00
1.84707564e-03 4.27732011e+00
1.88916294e-03 4.36667437e+00
1.93220923e-03 4.45768966e+00
1.97623638e-03 4.55038379e+00
2.02126672e-03 4.64477417e+00
2.06732311e-03 4.74087702e+00
2.11442895e-03 4.83870739e+00
2.16260813e-03 4.93827965e+00
2.21188512e-03 5.03960757e+00
2.26228494e-03 5.14270390e+00
2.31383315e-03 5.24757972e+00
2.36655594e-03 5.35424513e+00
2.42048007e-03 5.46270930e+00
2.47563291e-03 5.57298031e+00
2.53204245e-03 5.68506412e+00
2.58973734e-03 5.79896495e+00
2.64874686e-03 5.91468574e+00
2.70910096e-03 6.03222812e+00
2.77083029e-03 6.15159172e+00
2.83396617e-03 6.27277376e+00
2.89854067e-03 6.39576976e+00
2.96458655e-03 6.52057356e+00
3.03213734e-03 6.64717702e+00
3.10122735e-03 6.77556904e+00
3.17189163e-03 6.90573616e+00
3.24416606e-03 7.03766290e+00
3.31808733e-03 7.17133156e+00
3.39369297e-03 7.30672171e+00
3.47102134e-03 7.44381014e+00
3.55011172e-03 7.58257116e+00
3.63100424e-03 7.72297661e+00
3.71373997e-03 7.86499564e+00
3.79836091e-03 8.00859444e+00
3.88491001e-03 8.15373643e+00
3.97343121e-03 8.30038221e+00
4.06396945e-03 8.44848959e+00
4.15657069e-03 8.59801349e+00
4.25128193e-03 8.74890596e+00
4.34815125e-03 8.90111601e+00
4.44722782e-03 9.05458961e+00
4.54856195e-03 9.20927050e+00
4.65220506e-03 9.36510064e+00
4.75820978e-03 9.52201904e+00
4.86662991e-03 9.67996165e+00
4.97752050e-03 9.83886099e+00
5.09093782e-03 9.99864497e+00
5.20693947e-03 1.01592378e+01
5.32558431e-03 1.03205603e+01
5.44693259e-03 1.04825307e+01
5.57104589e-03 1.06450724e+01
5.69798724e-03 1.08081140e+01
5.82782105e-03 1.09715819e+01
5.96061325e-03 1.11354005e+01
6.09643123e-03 1.12994833e+01
6.23534396e-03 1.14637198e+01
6.37742193e-03 1.16279920e+01
6.52273729e-03 1.17921781e+01
6.67136378e-03 1.19561537e+01
6.82337686e-03 1.21198038e+01
6.97885370e-03 1.22830172e+01
7.13787322e-03 1.24456799e+01
7.30051615e-03 1.26076754e+01
7.46686504e-03 1.27688778e+01
7.63700434e-03 1.29291491e+01
7.81102042e-03 1.30883473e+01
7.98900162e-03 1.32463272e+01
8.17103828e-03 1.34029383e+01
8.35722281e-03 1.35580154e+01
8.54764972e-03 1.37113868e+01
8.74241568e-03 1.38628777e+01
8.94161957e-03 1.40123096e+01
9.14536249e-03 1.41594936e+01
9.35374788e-03 1.43042313e+01
9.56688152e-03 1.44463212e+01
9.78487161e-03 1.45855590e+01
1.00078288e-02 1.47217354e+01
1.02358663e-02 1.48546316e+01
1.04690998e-02 1.49840257e+01
1.07076477e-02 1.51096941e+01
1.09516312e-02 1.52314115e+01
1.12011741e-02 1.53489446e+01
1.14564030e-02 1.54620562e+01
1.17174475e-02 1.55705093e+01
1.19844402e-02 1.56740668e+01
1.22575166e-02 1.57724845e+01
1.25368152e-02 1.58655066e+01
1.28224780e-02 1.59528787e+01
1.31146498e-02 1.60343487e+01
1.34134790e-02 1.61096644e+01
1.37191173e-02 1.61785623e+01
1.40317198e-02 1.62407793e+01
1.43514453e-02 1.62960579e+01
1.46784560e-02 1.63441458e+01
1.50129180e-02 1.63847870e+01
1.53550010e-02 1.64177241e+01
1.57048786e-02 1.64427085e+01
1.60627285e-02 1.64595016e+01
1.64287324e-02 1.64678725e+01
1.68030760e-02 1.64675937e+01
1.71859493e-02 1.64584498e+01
1.75775468e-02 1.64402401e+01
1.79780672e-02 1.64127789e+01
1.83877138e-02 1.63758936e+01
1.88066945e-02 1.63294279e+01
1.92352221e-02 1.62732442e+01
1.96735141e-02 1.62072255e+01
2.01217930e-02 1.61312822e+01
2.05802864e-02 1.60453558e+01
2.10492269e-02 1.59494111e+01
2.15288526e-02 1.58434360e+01
2.20194071e-02 1.57274503e+01
2.25211393e-02 1.56015314e+01
2.30343039e-02 1.54657892e+01
2.35591614e-02 1.53203568e+01
2.40959783e-02 1.51653937e+01
2.46450271e-02 1.50011347e+01
2.52065864e-02 1.48278775e+01
2.57809414e-02 1.46459386e+01
2.63683836e-02 1.44556510e+01
2.69692111e-02 1.42574070e+01
2.75837291e-02 1.40517140e+01
2.82122494e-02 1.38390986e+01
2.88550911e-02 1.36200885e+01
2.95125806e-02 1.33952302e+01
3.01850516e-02 1.31652154e+01
3.08728454e-02 1.29307901e+01
3.15763112e-02 1.26926770e+01
3.22958061e-02 1.24515762e+01
3.30316954e-02 1.22082603e+01
3.37843526e-02 1.19636003e+01
3.45541598e-02 1.17184274e+01
3.53415077e-02 1.14735223e+01
3.61467960e-02 1.12296725e+01
3.69704336e-02 1.09878495e+01
3.78128385e-02 1.07490112e+01
3.86744384e-02 1.05140359e+01
3.95556706e-02 1.02837168e+01
4.04569825e-02 1.00586520e+01
4.13788316e-02 9.83928430e+00
4.23216859e-02 9.62600748e+00
4.32860239e-02 9.41917317e+00
4.42723353e-02 9.21927718e+00
4.52811207e-02 9.02718593e+00
4.63128921e-02 8.84374384e+00
4.73681735e-02 8.66971863e+00
4.84475003e-02 8.50557046e+00
4.95514206e-02 8.35062728e+00
5.06804947e-02 8.20395283e+00
5.18352959e-02 8.06467367e+00
5.30164102e-02 7.93196550e+00
5.42244372e-02 7.80503317e+00
5.54599903e-02 7.68312531e+00
5.67236965e-02 7.56552396e+00
5.80161975e-02 7.45135089e+00
5.93381492e-02 7.33959789e+00
6.06902229e-02 7.22930624e+00
6.20731047e-02 7.11937357e+00
6.34874968e-02 7.00838120e+00
6.49341171e-02 6.89495763e+00
6.64136999e-02 6.77763546e+00
6.79269964e-02 6.65462333e+00
6.94747747e-02 6.52423377e+00
7.10578206e-02 6.38518041e+00
7.26769376e-02 6.23670146e+00
7.43329476e-02 6.07827685e+00
7.60266913e-02 5.91010346e+00
7.77590285e-02 5.73287354e+00
7.95308386e-02 5.54762330e+00
8.13430210e-02 5.35618448e+00
8.31964957e-02 5.16047814e+00
8.50922034e-02 4.96271911e+00
8.70311065e-02 4.76515999e+00
8.90141894e-02 4.57003676e+00
9.10424585e-02 4.37957461e+00
9.31169436e-02 4.19591624e+00
9.52386978e-02 4.02129268e+00
9.74087980e-02 3.85760078e+00
9.96283460e-02 3.70654567e+00
1.01898468e-01 3.56960709e+00
1.04220317e-01 3.44758068e+00
1.06595072e-01 3.34039141e+00
1.09023938e-01 3.24755440e+00
1.11508147e-01 3.16721574e+00
1.14048962e-01 3.09722978e+00
1.16647671e-01 3.03460993e+00
1.19305594e-01 2.97613194e+00
1.22024080e-01 2.91845951e+00
1.24804510e-01 2.85834433e+00
1.27648294e-01 2.79303334e+00
1.30556876e-01 2.72029596e+00
1.33531733e-01 2.63894675e+00
1.36574375e-01 2.54862488e+00
1.39686346e-01 2.45015068e+00
1.42869226e-01 2.34511078e+00
1.46124632e-01 2.23589469e+00
1.49454214e-01 2.12554185e+00
1.52859664e-01 2.01747272e+00
1.56342710e-01 1.91544345e+00
1.59905121e-01 1.82272128e+00
1.63548704e-01 1.74170121e+00
1.67275310e-01 1.67308354e+00
1.71086830e-01 1.61602878e+00
1.74985199e-01 1.56842419e+00
1.78972396e-01 1.52750379e+00
1.83050444e-01 1.49020641e+00
1.87221415e-01 1.45326570e+00
1.91487425e-01 1.41340703e+00
1.95850640e-01 1.36799931e+00
2.00313274e-01 1.31597727e+00
2.04877594e-01 1.25817275e+00
2.09545916e-01 1.19692047e+00
2.14320611e-01 1.13526251e+00
2.19204100e-01 1.07629205e+00
2.24198865e-01 1.02269990e+00
2.29307440e-01 9.76228660e-01
2.34532418e-01 9.37213028e-01
2.39876452e-01 9.04576357e-01
2.45342255e-01 8.76185016e-01
2.50932601e-01 8.49266231e-01
2.56650328e-01 8.21043534e-01
2.62498339e-01 7.89753178e-01
2.68479602e-01 7.55337875e-01
2.74597154e-01 7.19100837e-01
2.80854100e-01 6.82913625e-01
2.87253615e-01 6.48784713e-01
2.93798950e-01 6.18395289e-01
3.00493426e-01 5.92281582e-01
3.07340441e-01 5.69544966e-01
3.14343473e-01 5.48549553e-01
3.21506074e-01 5.27706553e-01
3.28831882e-01 5.05887511e-01
3.36324615e-01 4.82871661e-01
3.43988077e-01 4.59536098e-01
3.51826158e-01 4.37210243e-01
3.59842837e-01 4.16792116e-01
3.68042182e-01 3.98499729e-01
3.76428358e-01 3.81910351e-01
3.85005620e-01 3.66091194e-01
3.93778323e-01 3.50220786e-01
4.02750919e-01 3.34145215e-01
4.11927965e-01 3.18255712e-01
4.21314118e-01 3.03114852e-01
4.30914143e-01 2.89139578e-01
4.40732913e-01 2.76243866e-01
4.50775413e-01 2.64003564e-01
4.61046740e-01 2.52070015e-01
4.71552109e-01 2.40281726e-01
4.82296852e-01 2.28869311e-01
4.93286424e-01 2.18070048e-01
5.04526403e-01 2.07943398e-01
5.16022495e-01 1.98370169e-01
5.27780537e-01 1.89131935e-01
5.39806495e-01 1.80184581e-01
5.52106477e-01 1.71580534e-01
5.64686724e-01 1.63425951e-01
5.77553624e-01 1.55694349e-01
5.90713708e-01 1.48318958e-01
6.04173657e-01 1.41224448e-01
6.17940302e-01 1.34431172e-01
6.32020633e-01 1.27955335e-01
6.46421798e-01 1.21800091e-01
6.61151105e-01 1.15930949e-01
6.76216034e-01 1.10324860e-01
6.91624231e-01 1.04971568e-01
7.07383517e-01 9.98614644e-02
7.23501893e-01 9.49851611e-02
7.39987541e-01 9.03334977e-02
7.56848829e-01 8.58975465e-02
7.74094317e-01 8.16686176e-02
7.91732759e-01 7.76382617e-02
8.09773109e-01 7.37982726e-02
8.28224525e-01 7.01405816e-02
8.47096373e-01 6.66569849e-02
8.66398234e-01 6.33395277e-02
8.86139904e-01 6.01806047e-02
9.06331407e-01 5.71729449e-02
9.26982991e-01 5.43095974e-02
9.48105141e-01 5.15839183e-02
9.69708578e-01 4.89895571e-02
9.91804268e-01 4.65204446e-02
1.01440343e+00 4.41707811e-02
1.03751753e+00 4.19350555e-02
1.06115831e+00 3.98080530e-02
1.08533777e+00 3.77847838e-02
1.11006818e+00 3.58604682e-02
1.13536209e+00 3.40305289e-02
1.16123234e+00 3.22905832e-02
1.18769208e+00 3.06364362e-02
1.21475472e+00 2.90640736e-02
1.24243401e+00 2.75696549e-02
1.27074400e+00 2.61495060e-02
1.29969905e+00 2.48001035e-02
1.32931388e+00 2.35180711e-02
1.35960350e+00 2.23001845e-02
1.39058330e+00 2.11433653e-02
1.42226901e+00 2.00446751e-02
1.45467670e+00 1.90013094e-02
1.48782283e+00 1.80105919e-02
1.52172422e+00 1.70699693e-02
1.55639809e+00 1.61770058e-02
1.59186203e+00 1.53293784e-02
1.62813406e+00 1.45248721e-02
1.66523257e+00 1.37613753e-02
1.70317641e+00 1.30368747e-02
1.74198483e+00 1.23494511e-02
1.78167754e+00 1.16972752e-02
1.82227468e+00 1.10786038e-02
1.86379686e+00 1.04917759e-02
1.90626516e+00 9.93520906e-03
1.94970115e+00 9.40739600e-03
1.99412686e+00 8.90690098e-03
2.03956485e+00 8.43235627e-03
2.08603819e+00 7.98245961e-03
2.13357046e+00 7.55597141e-03
2.18218581e+00 7.15171190e-03
2.23190889e+00 6.76855838e-03
2.28276496e+00 6.40544263e-03
2.33477984e+00 6.06134837e-03
2.38797992e+00 5.73530888e-03
2.44239221e+00 5.42640471e-03
2.49804433e+00 5.13376128e-03
2.55496454e+00 4.85654665e-03
2.61318173e+00 4.59396994e-03
2.67272545e+00 4.34527940e-03
2.73362593e+00 4.10976056e-03
2.79591407e+00 3.88673447e-03
2.85962152e+00 3.67555603e-03
2.92478059e+00 3.47561233e-03
2.99142437e+00 3.28632114e-03
3.05958669e+00 3.10712942e-03
3.12930216e+00 2.93751189e-03
3.20060615e+00 2.77696966e-03
3.27353487e+00 2.62502907e-03
3.34812533e+00 2.48124040e-03
3.42441541e+00 2.34517676e-03
3.50244383e+00 2.21643294e-03
3.58225019e+00 2.09462438e-03
3.66387501e+00 1.97938612e-03
3.74735973e+00 1.87037188e-03
3.83274673e+00 1.76725307e-03
3.92007935e+00 1.66971786e-03
4.00940191e+00 1.57747044e-03
4.10075978e+00 1.49023024e-03
4.19419932e+00 1.40773120e-03
4.28976796e+00 1.32972105e-03
4.38751422e+00 1.25596057e-03
4.48748771e+00 1.18622302e-03
4.58973920e+00 1.12029341e-03
4.69432057e+00 1.05796798e-03
4.80128493e+00 9.99053625e-04
4.91068657e+00 9.43367305e-04
5.02258102e+00 8.90735589e-04
5.13702509e+00 8.40994140e-04
5.25407688e+00 7.93987255e-04
5.37379579e+00 7.49567430e-04
5.49624261e+00 7.07594935e-04
5.62147949e+00 6.67937415e-04
5.74957001e+00 6.30469517e-04
5.88057918e+00 5.95072522e-04
6.01457352e+00 5.61633993e-04
6.15162104e+00 5.30047433e-04
6.29179132e+00 5.00212019e-04
6.43515550e+00 4.72032303e-04
6.58178636e+00 4.45417939e-04
6.73175834e+00 4.20283411e-04
6.88514757e+00 3.96547784e-04
7.04203191e+00 3.74134465e-04
7.20249100e+00 3.52970972e-04
7.36660630e+00 3.32988721e-04
7.53446112e+00 3.14122818e-04
7.70614066e+00 2.96311862e-04
7.88173208e+00 2.79497770e-04
8.06132450e+00 2.63625597e-04
8.24500910e+00 2.48643374e-04
8.43287912e+00 2.34501947e-04
8.62502993e+00 2.21154829e-04
8.82155908e+00 2.08558060e-04
9.02256631e+00 1.96670069e-04
9.22815368e+00 1.85451548e-04
9.43842554e+00 1.74865329e-04
9.65348864e+00 1.64876270e-04
9.87345215e+00 1.55451149e-04
1.00984277e+01 1.46558564e-04
1.03285296e+01 1.38168835e-04
1.05638745e+01 1.30253908e-04
1.08045820e+01 1.22787270e-04
1.10507742e+01 1.15743865e-04
1.13025761e+01 1.09100019e-04
1.15601156e+01 1.02833356e-04
1.18235233e+01 9.69227375e-05
1.20929330e+01 9.13481882e-05
1.23684815e+01 8.60908384e-05
1.26503086e+01 8.11328627e-05
1.29385574e+01 7.64574227e-05
1.32333741e+01 7.20486140e-05
1.35349086e+01 6.78914146e-05
1.38433138e+01 6.39716371e-05
1.41587463e+01 6.02758830e-05
1.44813662e+01 5.67914986e-05
1.48113372e+01 5.35065340e-05
1.51488270e+01 5.04097057e-05
1.54940068e+01 4.74903605e-05
1.58470518e+01 4.47384406e-05
1.62081413e+01 4.21444508e-05
1.65774585e+01 3.96994278e-05
1.69551910e+01 3.73949104e-05
1.73415304e+01 3.52229119e-05
1.77366729e+01 3.31758941e-05
1.81408191e+01 3.12467417e-05
1.85541742e+01 2.94287393e-05
1.89769479e+01 2.77155493e-05
1.94093549e+01 2.61011915e-05
1.98516146e+01 2.45800227e-05
2.03039517e+01 2.31467184e-05
2.07665957e+01 2.17962546e-05
2.12397814e+01 2.05238914e-05
2.17237492e+01 1.93251571e-05
2.22187445e+01 1.81958329e-05
2.27250188e+01 1.71319387e-05
2.32428290e+01 1.61297200e-05
2.37724380e+01 1.51856354e-05
2.43141145e+01 1.42963448e-05
2.48681337e+01 1.34586978e-05
2.54347767e+01 1.26697233e-05
2.60143312e+01 1.19266194e-05
2.66070914e+01 1.12267438e-05
2.72133582e+01 1.05676048e-05
2.78334392e+01 9.94685283e-06
2.84676494e+01 9.36227200e-06
2.91163107e+01 8.81177320e-06
2.97797523e+01 8.29338675e-06
3.04583110e+01 7.80525572e-06
3.11523313e+01 7.34562953e-06
3.18621654e+01 6.91285794e-06
3.25881738e+01 6.50538533e-06
3.33307249e+01 6.12174538e-06
3.40901958e+01 5.76055592e-06
3.48669719e+01 5.42051409e-06
3.56614475e+01 5.10039173e-06
3.64740260e+01 4.79903137e-06
3.73051198e+01 4.51534223e-06
3.81551508e+01 4.24829641e-06
3.90245506e+01 3.99692529e-06
3.99137604e+01 3.76031614e-06
4.08232317e+01 3.53760893e-06
4.17534261e+01 3.32799333e-06
4.27048159e+01 3.13070583e-06
4.36778839e+01 2.94502707e-06
4.46731241e+01 2.77027935e-06
4.56910419e+01 2.60582416e-06
4.67321538e+01 2.45106001e-06
4.77969883e+01 2.30542026e-06
4.88860861e+01 2.16837113e-06
5.00000000e+01 2.03940981e-06
