5.00000000e-04 1.28791791e+02
5.11392954e-04 1.31597354e+02
5.23045507e-04 1.34462905e+02
5.34963574e-04 1.37389654e+02
5.47153205e-04 1.40378831e+02
5.59620588e-04 1.43431689e+02
5.72372051e-04 1.46549496e+02
5.85414068e-04 1.49733536e+02
5.98753260e-04 1.52985114e+02
6.12396397e-04 1.56305559e+02
6.26350405e-04 1.59696219e+02
6.40622368e-04 1.63158458e+02
6.55219530e-04 1.66693663e+02
6.70149302e-04 1.70303243e+02
6.85419263e-04 1.73988628e+02
7.01037164e-04 1.77751256e+02
7.17010932e-04 1.81592588e+02
7.33348678e-04 1.85514101e+02
7.50058693e-04 1.89517299e+02
7.67149462e-04 1.93603695e+02
7.84629659e-04 1.97774818e+02
8.02508159e-04 2.02032219e+02
8.20794036e-04 2.06377467e+02
8.39496574e-04 2.10812146e+02
8.58625266e-04 2.15337851e+02
8.78189822e-04 2.19956189e+02
8.98200175e-04 2.24668789e+02
9.18666482e-04 2.29477295e+02
9.39599132e-04 2.34383359e+02
9.61008752e-04 2.39388644e+02
9.82906209e-04 2.44494829e+02
1.00530262e-03 2.49703607e+02
1.02820935e-03 2.55016679e+02
1.05163804e-03 2.60435747e+02
1.07560057e-03 2.65962524e+02
1.10010910e-03 2.71598732e+02
1.12517609e-03 2.77346106e+02
1.15081425e-03 2.83206373e+02
1.17703659e-03 2.89181267e+02
1.20385644e-03 2.95272527e+02
1.23128740e-03 3.01481900e+02
1.25934341e-03 3.07811126e+02
1.28803869e-03 3.14261938e+02
1.31738782e-03 3.20836068e+02
1.34740570e-03 3.27535253e+02
1.37810756e-03 3.34361223e+02
1.40950899e-03 3.41315688e+02
1.44162594e-03 3.48400354e+02
1.47447469e-03 3.55616922e+02
1.50807194e-03 3.62967081e+02
1.54243473e-03 3.70452493e+02
1.57758050e-03 3.78074796e+02
1.61352711e-03 3.85835617e+02
1.65029279e-03 3.93736562e+02
1.68789621e-03 4.01779209e+02
1.72635646e-03 4.09965094e+02
1.76569306e-03 4.18295724e+02
1.80592598e-03 4.26772582e+02
1.84707564e-03 4.35397114e+02
1.88916294e-03 4.44170694e+02
1.93220923e-03 4.53094645e+02
1.97623638e-03 4.62170249e+02
2.02126672e-03 4.71398748e+02
2.06732311e-03 4.80781300e+02
2.11442895e-03 4.90318985e+02
2.16260813e-03 5.00012824e+02
2.21188512e-03 5.09863780e+02
2.26228494e-03 5.19872736e+02
2.31383315e-03 5.30040451e+02
2.36655594e-03 5.40367603e+02
2.42048007e-03 5.50854791e+02
2.47563291e-03 5.61502531e+02
2.53204245e-03 5.72311200e+02
2.58973734e-03 5.83281059e+02
2.64874686e-03 5.94412268e+02
2.70910096e-03 6.05704887e+02
2.77083029e-03 6.17158844e+02
2.83396617e-03 6.28773913e+02
2.89854067e-03 6.40549750e+02
2.96458655e-03 6.52485885e+02
3.03213734e-03 6.64581712e+02
3.10122735e-03 6.76836441e+02
3.17189163e-03 6.89249128e+02
3.24416606e-03 7.01818682e+02
3.31808733e-03 7.14543862e+02
3.39369297e-03 7.27423215e+02
3.47102134e-03 7.40455080e+02
3.55011172e-03 7.53637621e+02
3.63100424e-03 7.66968829e+02
3.71373997e-03 7.80446487e+02
3.79836091e-03 7.94068108e+02
3.88491001e-03 8.07831001e+02
3.97343121e-03 8.21732272e+02
4.06396945e-03 8.35768812e+02
4.15657069e-03 8.49937171e+02
4.25128193e-03 8.64233616e+02
4.34815125e-03 8.78654180e+02
4.44722782e-03 8.93194663e+02
4.54856195e-03 9.07850624e+02
4.65220506e-03 9.22617375e+02
4.75820978e-03 9.37489983e+02
4.86662991e-03 9.52463266e+02
4.97752050e-03 9.67531645e+02
5.09093782e-03 9.82688584e+02
5.20693947e-03 9.97927040e+02
5.32558431e-03 1.01323965e+03
5.44693259e-03 1.02861879e+03
5.57104589e-03 1.04405784e+03
5.69798724e-03 1.05955109e+03
5.82782105e-03 1.07509268e+03
5.96061325e-03 1.09067660e+03
6.09643123e-03 1.10629497e+03
6.23534396e-03 1.12193537e+03
6.37742193e-03 1.13758422e+03
6.52273729e-03 1.15322738e+03
6.67136378e-03 1.16885053e+03
6.82337686e-03 1.18444178e+03
6.97885370e-03 1.19999037e+03
7.13787322e-03 1.21548531e+03
7.30051615e-03 1.23091531e+03
7.46686504e-03 1.24626829e+03
7.63700434e-03 1.26153106e+03
7.81102042e-03 1.27669005e+03
7.98900162e-03 1.29173142e+03
8.17103828e-03 1.30664075e+03
8.35722281e-03 1.32140208e+03
8.54764972e-03 1.33599880e+03
8.74241568e-03 1.35041393e+03
8.94161957e-03 1.36463019e+03
9.14536249e-03 1.37862945e+03
9.35374788e-03 1.39239275e+03
9.56688152e-03 1.40590088e+03
9.78487161e-03 1.41913436e+03
1.00078288e-02 1.43207325e+03
1.02358663e-02 1.44469678e+03
1.04690998e-02 1.45698387e+03
1.07076477e-02 1.46891332e+03
1.09516312e-02 1.48046371e+03
1.12011741e-02 1.49161255e+03
1.14564030e-02 1.50233685e+03
1.17174475e-02 1.51261356e+03
1.19844402e-02 1.52241968e+03
1.22575166e-02 1.53173138e+03
1.25368152e-02 1.54052360e+03
1.28224780e-02 1.54877136e+03
1.31146498e-02 1.55644993e+03
1.34134790e-02 1.56353462e+03
1.37191173e-02 1.57000018e+03
1.40317198e-02 1.57582147e+03
1.43514453e-02 1.58097392e+03
1.46784560e-02 1.58543349e+03
1.50129180e-02 1.58917562e+03
1.53550010e-02 1.59217554e+03
1.57048786e-02 1.59440935e+03
1.60627285e-02 1.59585408e+03
1.64287324e-02 1.59648748e+03
1.68030760e-02 1.59628753e+03
1.71859493e-02 1.59523338e+03
1.75775468e-02 1.59330557e+03
1.79780672e-02 1.59048613e+03
1.83877138e-02 1.58675849e+03
1.88066945e-02 1.58210770e+03
1.92352221e-02 1.57652067e+03
1.96735141e-02 1.56998624e+03
2.01217930e-02 1.56249585e+03
2.05802864e-02 1.55404386e+03
2.10492269e-02 1.54462684e+03
2.15288526e-02 1.53424363e+03
2.20194071e-02 1.52289611e+03
2.25211393e-02 1.51059179e+03
2.30343039e-02 1.49734131e+03
2.35591614e-02 1.48315755e+03
2.40959783e-02 1.46805593e+03
2.46450271e-02 1.45205922e+03
2.52065864e-02 1.43519630e+03
2.57809414e-02 1.41749782e+03
2.63683836e-02 1.39899608e+03
2.69692111e-02 1.37972904e+03
2.75837291e-02 1.35974579e+03
2.82122494e-02 1.33909724e+03
2.88550911e-02 1.31783442e+03
2.95125806e-02 1.29601013e+03
3.01850516e-02 1.27369127e+03
3.08728454e-02 1.25094994e+03
3.15763112e-02 1.22785602e+03
3.22958061e-02 1.20447714e+03
3.30316954e-02 1.18088795e+03
3.37843526e-02 1.15717255e+03
3.45541598e-02 1.13341122e+03
3.53415077e-02 1.10967931e+03
3.61467960e-02 1.08605285e+03
3.69704336e-02 1.06262579e+03
3.78128385e-02 1.03949074e+03
3.86744384e-02 1.01673259e+03
3.95556706e-02 9.94427994e+02
4.04569825e-02 9.72634489e+02
4.13788316e-02 9.51394439e+02
4.23216859e-02 9.30745487e+02
4.32860239e-02 9.10721224e+02
4.42723353e-02 8.91369452e+02
4.52811207e-02 8.72774362e+02
4.63128921e-02 8.55018048e+02
4.73681735e-02 8.38175140e+02
4.84475003e-02 8.22290315e+02
4.95514206e-02 8.07297961e+02
5.06804947e-02 7.93106744e+02
5.18352959e-02 7.79631468e+02
5.30164102e-02 7.66791889e+02
5.42244372e-02 7.54511084e+02
5.54599903e-02 7.42716449e+02
5.67236965e-02 7.31338615e+02
5.80161975e-02 7.20292684e+02
5.93381492e-02 7.09481174e+02
6.06902229e-02 6.98811390e+02
6.20731047e-02 6.88176768e+02
6.34874968e-02 6.77440193e+02
6.49341171e-02 6.66469115e+02
6.64136999e-02 6.55121632e+02
6.79269964e-02 6.43224334e+02
6.94747747e-02 6.30613848e+02
7.10578206e-02 6.17165653e+02
7.26769376e-02 6.02806033e+02
7.43329476e-02 5.87484677e+02
7.60266913e-02 5.71220748e+02
7.77590285e-02 5.54081397e+02
7.95308386e-02 5.36167042e+02
8.13430210e-02 5.17655065e+02
8.31964957e-02 4.98731442e+02
8.50922034e-02 4.79610432e+02
8.70311065e-02 4.60509862e+02
8.90141894e-02 4.41645814e+02
9.10424585e-02 4.23233191e+02
9.31169436e-02 4.05478972e+02
9.52386978e-02 3.88598764e+02
9.74087980e-02 3.72775889e+02
9.96283460e-02 3.58175295e+02
1.01898468e-01 3.44940213e+02
1.04220317e-01 3.33147599e+02
1.06595072e-01 3.22790036e+02
1.09023938e-01 3.13820464e+02
1.11508147e-01 3.06059340e+02
1.14048962e-01 2.99298920e+02
1.16647671e-01 2.93250175e+02
1.19305594e-01 2.87601130e+02
1.22024080e-01 2.82029160e+02
1.24804510e-01 2.76220244e+02
1.27648294e-01 2.69908330e+02
1.30556876e-01 2.62877937e+02
1.33531733e-01 2.55014710e+02
1.36574375e-01 2.46284024e+02
1.39686346e-01 2.36765377e+02
1.42869226e-01 2.26612239e+02
1.46124632e-01 2.16055564e+02
1.49454214e-01 2.05389143e+02
1.52859664e-01 1.94943642e+02
1.56342710e-01 1.85082292e+02
1.59905121e-01 1.76121141e+02
1.63548704e-01 1.68291902e+02
1.67275310e-01 1.61662074e+02
1.71086830e-01 1.56150166e+02
1.74985199e-01 1.51551612e+02
1.78972396e-01 1.47598809e+02
1.83050444e-01 1.43995945e+02
1.87221415e-01 1.40427393e+02
1.91487425e-01 1.36576445e+02
1.95850640e-01 1.32188595e+02
2.00313274e-01 1.27160878e+02
2.04877594e-01 1.21574033e+02
2.09545916e-01 1.15654078e+02
2.14320611e-01 1.09695132e+02
2.19204100e-01 1.03996144e+02
2.24198865e-01 9.88171740e+01
2.29307440e-01 9.43267418e+01
2.34532418e-01 9.05571254e+01
2.39876452e-01 8.74041231e+01
2.45342255e-01 8.46614458e+01
2.50932601e-01 8.20609800e+01
2.56650328e-01 7.93342134e+01
2.62498339e-01 7.63105976e+01
2.68479602e-01 7.29847091e+01
2.74597154e-01 6.94828062e+01
2.80854100e-01 6.59857664e+01
2.87253615e-01 6.26877068e+01
2.93798950e-01 5.97512412e+01
3.00493426e-01 5.72281721e+01
3.07340441e-01 5.50315299e+01
3.14343473e-01 5.30030903e+01
3.21506074e-01 5.09892797e+01
3.28831882e-01 4.88809860e+01
3.36324615e-01 4.66568999e+01
3.43988077e-01 4.44019087e+01
3.51826158e-01 4.22445597e+01
3.59842837e-01 4.02716639e+01
3.68042182e-01 3.85042277e+01
3.76428358e-01 3.69013926e+01
3.85005620e-01 3.53729514e+01
3.93778323e-01 3.38394949e+01
4.02750919e-01 3.22861449e+01
4.11927965e-01 3.07507759e+01
4.21314118e-01 2.92877806e+01
4.30914143e-01 2.79374331e+01
4.40732913e-01 2.66914499e+01
4.50775413e-01 2.55087673e+01
4.61046740e-01 2.43557104e+01
4.71552109e-01 2.32166591e+01
4.82296852e-01 2.21139367e+01
4.93286424e-01 2.10704700e+01
5.04526403e-01 2.00920065e+01
5.16022495e-01 1.91670234e+01
5.27780537e-01 1.82743971e+01
5.39806495e-01 1.74098699e+01
5.52106477e-01 1.65785145e+01
5.64686724e-01 1.57905930e+01
5.77553624e-01 1.50435462e+01
5.90713708e-01 1.43309174e+01
6.04173657e-01 1.36454227e+01
6.17940302e-01 1.29890352e+01
6.32020633e-01 1.23633233e+01
6.46421798e-01 1.17685865e+01
6.61151105e-01 1.12014933e+01
6.76216034e-01 1.06598179e+01
6.91624231e-01 1.01425690e+01
7.07383517e-01 9.64881819e+00
7.23501893e-01 9.17765816e+00
7.39987541e-01 8.72820368e+00
7.56848829e-01 8.29959203e+00
7.74094317e-01 7.89098347e+00
7.91732759e-01 7.50156152e+00
8.09773109e-01 7.13053323e+00
8.28224525e-01 6.77711895e+00
8.47096373e-01 6.44052600e+00
8.66398234e-01 6.11998582e+00
8.86139904e-01 5.81476358e+00
9.06331407e-01 5.52415675e+00
9.26982991e-01 5.24749374e+00
9.48105141e-01 4.98413262e+00
9.69708578e-01 4.73345979e+00
9.91804268e-01 4.49488884e+00
1.01440343e+00 4.26785938e+00
1.03751753e+00 4.05183894e+00
1.06115831e+00 3.84632361e+00
1.08533777e+00 3.65083127e+00
1.11006818e+00 3.46490008e+00
1.13536209e+00 3.28808775e+00
1.16123234e+00 3.11997082e+00
1.18769208e+00 2.96014395e+00
1.21475472e+00 2.80821928e+00
1.24243401e+00 2.66382571e+00
1.27074400e+00 2.52660824e+00
1.29969905e+00 2.39622643e+00
1.32931388e+00 2.27235407e+00
1.35960350e+00 2.15467960e+00
1.39058330e+00 2.04290561e+00
1.42226901e+00 1.93674816e+00
1.45467670e+00 1.83593628e+00
1.48782283e+00 1.74021138e+00
1.52172422e+00 1.64932677e+00
1.55639809e+00 1.56304709e+00
1.59186203e+00 1.48114788e+00
1.62813406e+00 1.40341512e+00
1.66523257e+00 1.32964478e+00
1.70317641e+00 1.25964233e+00
1.74198483e+00 1.19322232e+00
1.78167754e+00 1.13020801e+00
1.82227468e+00 1.07043096e+00
1.86379686e+00 1.01373067e+00
1.90626516e+00 9.59954263e-01
1.94970115e+00 9.08956084e-01
1.99412686e+00 8.60597413e-01
2.03956485e+00 8.14746102e-01
2.08603819e+00 7.71276328e-01
2.13357046e+00 7.30068321e-01
2.18218581e+00 6.91008093e-01
2.23190889e+00 6.53987167e-01
2.28276496e+00 6.18902332e-01
2.33477984e+00 5.85655393e-01
2.38797992e+00 5.54152946e-01
2.44239221e+00 5.24306152e-01
2.49804433e+00 4.96030505e-01
2.55496454e+00 4.69245620e-01
2.61318173e+00 4.43875079e-01
2.67272545e+00 4.19846243e-01
2.73362593e+00 3.97090079e-01
2.79591407e+00 3.75540983e-01
2.85962152e+00 3.55136623e-01
2.92478059e+00 3.35817779e-01
2.99142437e+00 3.17528192e-01
3.05958669e+00 3.00214429e-01
3.12930216e+00 2.83825736e-01
3.20060615e+00 2.68313909e-01
3.27353487e+00 2.53633184e-01
3.34812533e+00 2.39740110e-01
3.42441541e+00 2.26593439e-01
3.50244383e+00 2.14154020e-01
3.58225019e+00 2.02384698e-01
3.66387501e+00 1.91250209e-01
3.74735973e+00 1.80717094e-01
3.83274673e+00 1.70753607e-01
3.92007935e+00 1.61329617e-01
4.00940191e+00 1.52416542e-01
4.10075978e+00 1.43987273e-01
4.19419932e+00 1.36016103e-01
4.28976796e+00 1.28478657e-01
4.38751422e+00 1.21351822e-01
4.48748771e+00 1.14613688e-01
4.58973920e+00 1.08243484e-01
4.69432057e+00 1.02221523e-01
4.80128493e+00 9.65291446e-02
4.91068657e+00 9.11486643e-02
5.02258102e+00 8.60633243e-02
5.13702509e+00 8.12572461e-02
5.25407688e+00 7.67153853e-02
5.37379579e+00 7.24234896e-02
5.49624261e+00 6.83680580e-02
5.62147949e+00 6.45363023e-02
5.74957001e+00 6.09161104e-02
5.88057918e+00 5.74960118e-02
6.01457352e+00 5.42651424e-02
6.15162104e+00 5.12132125e-02
6.29179132e+00 4.83304805e-02
6.43515550e+00 4.56077243e-02
6.58178636e+00 4.30362143e-02
6.73175834e+00 4.06076881e-02
6.88514757e+00 3.83143257e-02
7.04203191e+00 3.61487264e-02
7.20249100e+00 3.41038871e-02
7.36660630e+00 3.21731812e-02
7.53446112e+00 3.03503384e-02
7.70614066e+00 2.86294262e-02
7.88173208e+00 2.70048324e-02
8.06132450e+00 2.54712483e-02
8.24500910e+00 2.40236525e-02
8.43287912e+00 2.26572958e-02
8.62502993e+00 2.13676864e-02
8.82155908e+00 2.01505769e-02
9.02256631e+00 1.90019506e-02
9.22815368e+00 1.79180096e-02
9.43842554e+00 1.68951626e-02
9.65348864e+00 1.59300139e-02
9.87345215e+00 1.50193538e-02
1.00984277e+01 1.41601480e-02
1.03285296e+01 1.33495288e-02
1.05638745e+01 1.25847854e-02
1.08045820e+01 1.18633563e-02
1.10507742e+01 1.11828204e-02
1.13025761e+01 1.05408903e-02
1.15601156e+01 9.93540412e-03
1.18235233e+01 9.36431924e-03
1.20929330e+01 8.82570572e-03
1.23684815e+01 8.31774034e-03
1.26503086e+01 7.83870076e-03
1.29385574e+01 7.38696007e-03
1.32333741e+01 6.96098154e-03
1.35349086e+01 6.55931375e-03
1.38433138e+01 6.18058589e-03
1.41587463e+01 5.82350341e-03
1.44813662e+01 5.48684367e-03
1.48113372e+01 5.16945206e-03
1.51488270e+01 4.87023836e-03
1.54940068e+01 4.58817324e-03
1.58470518e+01 4.32228492e-03
1.62081413e+01 4.07165595e-03
1.65774585e+01 3.83542028e-03
1.69551910e+01 3.61276040e-03
1.73415304e+01 3.40290462e-03
1.77366729e+01 3.20512461e-03
1.81408191e+01 3.01873285e-03
1.85541742e+01 2.84308050e-03
1.89769479e+01 2.67755520e-03
1.94093549e+01 2.52157913e-03
1.98516146e+01 2.37460704e-03
2.03039517e+01 2.23612447e-03
2.07665957e+01 2.10564599e-03
2.12397814e+01 1.98271363e-03
2.17237492e+01 1.86689533e-03
2.22187445e+01 1.75778347e-03
2.27250188e+01 1.65499349e-03
2.32428290e+01 1.55816260e-03
2.37724380e+01 1.46694865e-03
2.43141145e+01 1.38102889e-03
2.48681337e+01 1.30009894e-03
2.54347767e+01 1.22387173e-03
2.60143312e+01 1.15207654e-03
2.66070914e+01 1.08445805e-03
2.72133582e+01 1.02077554e-03
2.78334392e+01 9.60801978e-04
2.84676494e+01 9.04323269e-04
2.91163107e+01 8.51137554e-04
2.97797523e+01 8.01054521e-04
3.04583110e+01 7.53894752e-04
3.11523313e+01 7.09489107e-04
3.18621654e+01 6.67678139e-04
3.25881738e+01 6.28311545e-04
3.33307249e+01 5.91247650e-04
3.40901958e+01 5.56352911e-04
3.48669719e+01 5.23501441e-04
3.56614475e+01 4.92574567e-04
3.64740260e+01 4.63460447e-04
3.73051198e+01 4.36053684e-04
3.81551508e+01 4.10254960e-04
3.90245506e+01 3.85970685e-04
3.99137604e+01 3.63112671e-04
4.08232317e+01 3.41597824e-04
4.17534261e+01 3.21347849e-04
4.27048159e+01 3.02288978e-04
4.36778839e+01 2.84351711e-04
4.46731241e+01 2.67470569e-04
4.56910419e+01 2.51583863e-04
4.67321538e+01 2.36633480e-04
4.77969883e+01 2.22564673e-04
4.88860861e+01 2.09325871e-04
5.00000000e+01 1.96868496e-04
