5.00000000e-04 1.92258316e+03
5.11392954e-04 1.96436747e+03
5.23045507e-04 2.00704034e+03
5.34963574e-04 2.05061945e+03
5.47153205e-04 2.09512277e+03
5.59620588e-04 2.14056861e+03
5.72372051e-04 2.18697555e+03
5.85414068e-04 2.23436252e+03
5.98753260e-04 2.28274874e+03
6.12396397e-04 2.33215376e+03
6.26350405e-04 2.38259738e+03
6.40622368e-04 2.43409964e+03
6.55219530e-04 2.48668087e+03
6.70149302e-04 2.54036171e+03
6.85419263e-04 2.59516313e+03
7.01037164e-04 2.65110635e+03
7.17010932e-04 2.70821289e+03
7.33348678e-04 2.76650460e+03
7.50058693e-04 2.82600363e+03
7.67149462e-04 2.88673240e+03
7.84629659e-04 2.94871355e+03
8.02508159e-04 3.01197003e+03
8.20794036e-04 3.07652511e+03
8.39496574e-04 3.14240232e+03
8.58625266e-04 3.20962530e+03
8.78189822e-04 3.27821796e+03
8.98200175e-04 3.34820451e+03
9.18666482e-04 3.41960941e+03
9.39599132e-04 3.49245729e+03
9.61008752e-04 3.56677296e+03
9.82906209e-04 3.64258149e+03
1.00530262e-03 3.71990822e+03
1.02820935e-03 3.79877858e+03
1.05163804e-03 3.87921798e+03
1.07560057e-03 3.96125201e+03
1.10010910e-03 4.04490650e+03
1.12517609e-03 4.13020737e+03
1.15081425e-03 4.21718049e+03
1.17703659e-03 4.30585174e+03
1.20385644e-03 4.39624718e+03
1.23128740e-03 4.48839296e+03
1.25934341e-03 4.58231509e+03
1.28803869e-03 4.67803946e+03
1.31738782e-03 4.77559195e+03
1.34740570e-03 4.87499852e+03
1.37810756e-03 4.97628498e+03
1.40950899e-03 5.07947670e+03
1.44162594e-03 5.18459895e+03
1.47447469e-03 5.29167690e+03
1.50807194e-03 5.40073559e+03
1.54243473e-03 5.51179954e+03
1.57758050e-03 5.62489291e+03
1.61352711e-03 5.74003962e+03
1.65029279e-03 5.85726335e+03
1.68789621e-03 5.97658720e+03
1.72635646e-03 6.09803343e+03
1.76569306e-03 6.22162389e+03
1.80592598e-03 6.34737998e+03
1.84707564e-03 6.47532255e+03
1.88916294e-03 6.60547145e+03
1.93220923e-03 6.73784579e+03
1.97623638e-03 6.87246405e+03
2.02126672e-03 7.00934404e+03
2.06732311e-03 7.14850236e+03
2.11442895e-03 7.28995438e+03
2.16260813e-03 7.43371458e+03
2.21188512e-03 7.57979653e+03
2.26228494e-03 7.72821270e+03
2.31383315e-03 7.87897406e+03
2.36655594e-03 8.03209039e+03
2.42048007e-03 8.18757036e+03
2.47563291e-03 8.34542133e+03
2.53204245e-03 8.50564882e+03
2.58973734e-03 8.66825664e+03
2.64874686e-03 8.83324716e+03
2.70910096e-03 9.00062126e+03
2.77083029e-03 9.17037779e+03
2.83396617e-03 9.34251321e+03
2.89854067e-03 9.51702217e+03
2.96458655e-03 9.69389750e+03
3.03213734e-03 9.87312998e+03
3.10122735e-03 1.00547077e+04
3.17189163e-03 1.02386164e+04
3.24416606e-03 1.04248398e+04
3.31808733e-03 1.06133592e+04
3.39369297e-03 1.08041528e+04
3.47102134e-03 1.09971953e+04
3.55011172e-03 1.11924592e+04
3.63100424e-03 1.13899140e+04
3.71373997e-03 1.15895264e+04
3.79836091e-03 1.17912593e+04
3.88491001e-03 1.19950724e+04
3.97343121e-03 1.22009227e+04
4.06396945e-03 1.24087636e+04
4.15657069e-03 1.26185438e+04
4.25128193e-03 1.28302073e+04
4.34815125e-03 1.30436950e+04
4.44722782e-03 1.32589441e+04
4.54856195e-03 1.34758882e+04
4.65220506e-03 1.36944569e+04
4.75820978e-03 1.39145763e+04
4.86662991e-03 1.41361687e+04
4.97752050e-03 1.43591508e+04
5.09093782e-03 1.45834270e+04
5.20693947e-03 1.48088947e+04
5.32558431e-03 1.50354465e+04
5.44693259e-03 1.52629715e+04
5.57104589e-03 1.54913667e+04
5.69798724e-03 1.57205366e+04
5.82782105e-03 1.59503832e+04
5.96061325e-03 1.61808050e+04
6.09643123e-03 1.64116790e+04
6.23534396e-03 1.66428313e+04
6.37742193e-03 1.68740739e+04
6.52273729e-03 1.71052116e+04
6.67136378e-03 1.73360455e+04
6.82337686e-03 1.75663983e+04
6.97885370e-03 1.77961023e+04
7.13787322e-03 1.80249852e+04
7.30051615e-03 1.82528706e+04
7.46686504e-03 1.84795749e+04
7.63700434e-03 1.87049063e+04
7.81102042e-03 1.89286683e+04
7.98900162e-03 1.91506603e+04
8.17103828e-03 1.93706732e+04
8.35722281e-03 1.95884720e+04
8.54764972e-03 1.98038111e+04
8.74241568e-03 2.00164400e+04
8.94161957e-03 2.02261036e+04
9.14536249e-03 2.04325331e+04
9.35374788e-03 2.06354479e+04
9.56688152e-03 2.08345631e+04
9.78487161e-03 2.10295900e+04
1.00078288e-02 2.12202329e+04
1.02358663e-02 2.14061832e+04
1.04690998e-02 2.15871283e+04
1.07076477e-02 2.17627532e+04
1.09516312e-02 2.19327401e+04
1.12011741e-02 2.20967574e+04
1.14564030e-02 2.22544663e+04
1.17174475e-02 2.24055284e+04
1.19844402e-02 2.25496052e+04
1.22575166e-02 2.26863463e+04
1.25368152e-02 2.28153835e+04
1.28224780e-02 2.29363499e+04
1.31146498e-02 2.30488820e+04
1.34134790e-02 2.31526174e+04
1.37191173e-02 2.32471827e+04
1.40317198e-02 2.33322069e+04
1.43514453e-02 2.34073266e+04
1.46784560e-02 2.34721865e+04
1.50129180e-02 2.35264244e+04
1.53550010e-02 2.35696751e+04
1.57048786e-02 2.36015858e+04
1.60627285e-02 2.36218186e+04
1.64287324e-02 2.36300459e+04
1.68030760e-02 2.36259452e+04
1.71859493e-02 2.36092109e+04
1.75775468e-02 2.35795584e+04
1.79780672e-02 2.35367251e+04
1.83877138e-02 2.34804675e+04
1.88066945e-02 2.34105658e+04
1.92352221e-02 2.33268272e+04
1.96735141e-02 2.32290878e+04
2.01217930e-02 2.31172228e+04
2.05802864e-02 2.29911512e+04
2.10492269e-02 2.28508249e+04
2.15288526e-02 2.26962290e+04
2.20194071e-02 2.25273938e+04
2.25211393e-02 2.23444317e+04
2.30343039e-02 2.21475013e+04
2.35591614e-02 2.19367945e+04
2.40959783e-02 2.17125404e+04
2.46450271e-02 2.14750773e+04
2.52065864e-02 2.12248341e+04
2.57809414e-02 2.09622662e+04
2.63683836e-02 2.06878524e+04
2.69692111e-02 2.04021556e+04
2.75837291e-02 2.01059020e+04
2.82122494e-02 1.97998447e+04
2.88550911e-02 1.94847382e+04
2.95125806e-02 1.91613635e+04
3.01850516e-02 1.88307101e+04
3.08728454e-02 1.84938445e+04
3.15763112e-02 1.81518004e+04
3.22958061e-02 1.78055777e+04
3.30316954e-02 1.74562801e+04
3.37843526e-02 1.71051502e+04
3.45541598e-02 1.67533742e+04
3.53415077e-02 1.64020652e+04
3.61467960e-02 1.60523464e+04
3.69704336e-02 1.57056053e+04
3.78128385e-02 1.53632102e+04
3.86744384e-02 1.50264145e+04
3.95556706e-02 1.46963501e+04
4.04569825e-02 1.43738660e+04
4.13788316e-02 1.40595869e+04
4.23216859e-02 1.37540680e+04
4.32860239e-02 1.34578042e+04
4.42723353e-02 1.31715006e+04
4.52811207e-02 1.28963998e+04
4.63128921e-02 1.26337135e+04
4.73681735e-02 1.23845426e+04
4.84475003e-02 1.21495461e+04
4.95514206e-02 1.19277530e+04
5.06804947e-02 1.17178130e+04
5.18352959e-02 1.15184661e+04
5.30164102e-02 1.13285261e+04
5.42244372e-02 1.11468552e+04
5.54599903e-02 1.09723798e+04
5.67236965e-02 1.08040741e+04
5.80161975e-02 1.06406832e+04
5.93381492e-02 1.04807667e+04
6.06902229e-02 1.03229548e+04
6.20731047e-02 1.01656732e+04
6.34874968e-02 1.00068960e+04
6.49341171e-02 9.84466510e+03
6.64136999e-02 9.67688429e+03
6.79269964e-02 9.50099211e+03
6.94747747e-02 9.31457550e+03
7.10578206e-02 9.11579538e+03
7.26769376e-02 8.90356310e+03
7.43329476e-02 8.67713576e+03
7.60266913e-02 8.43679681e+03
7.77590285e-02 8.18353854e+03
7.95308386e-02 7.91884430e+03
8.13430210e-02 7.64533347e+03
8.31964957e-02 7.36575229e+03
8.50922034e-02 7.08326548e+03
8.70311065e-02 6.80109070e+03
8.90141894e-02 6.52241888e+03
9.10424585e-02 6.25042248e+03
9.31169436e-02 5.98815727e+03
9.52386978e-02 5.73880699e+03
9.74087980e-02 5.50507846e+03
9.96283460e-02 5.28940658e+03
1.01898468e-01 5.09390517e+03
1.04220317e-01 4.91970994e+03
1.06595072e-01 4.76671170e+03
1.09023938e-01 4.63421539e+03
1.11508147e-01 4.51956816e+03
1.14048962e-01 4.41970062e+03
1.16647671e-01 4.33034449e+03
1.19305594e-01 4.24689329e+03
1.22024080e-01 4.16458283e+03
1.24804510e-01 4.07877585e+03
1.27648294e-01 3.98554348e+03
1.30556876e-01 3.88170375e+03
1.33531733e-01 3.76556850e+03
1.36574375e-01 3.63662690e+03
1.39686346e-01 3.49605265e+03
1.42869226e-01 3.34611198e+03
1.46124632e-01 3.19021572e+03
1.49454214e-01 3.03270149e+03
1.52859664e-01 2.87845098e+03
1.56342710e-01 2.73282809e+03
1.59905121e-01 2.60049918e+03
1.63548704e-01 2.48488462e+03
1.67275310e-01 2.38698210e+03
1.71086830e-01 2.30558773e+03
1.74985199e-01 2.23767876e+03
1.78972396e-01 2.17930561e+03
1.83050444e-01 2.12610042e+03
1.87221415e-01 2.07340226e+03
1.91487425e-01 2.01653568e+03
1.95850640e-01 1.95174237e+03
2.00313274e-01 1.87750211e+03
2.04877594e-01 1.79500727e+03
2.09545916e-01 1.70759513e+03
2.14320611e-01 1.61960821e+03
2.19204100e-01 1.53546004e+03
2.24198865e-01 1.45899018e+03
2.29307440e-01 1.39268671e+03
2.34532418e-01 1.33702657e+03
2.39876452e-01 1.29047101e+03
2.45342255e-01 1.24997376e+03
2.50932601e-01 1.21157664e+03
2.56650328e-01 1.17131480e+03
2.62498339e-01 1.12667067e+03
2.68479602e-01 1.07756411e+03
2.74597154e-01 1.02585872e+03
2.80854100e-01 9.74225790e+02
2.87253615e-01 9.25530858e+02
2.93798950e-01 8.82174728e+02
3.00493426e-01 8.44922331e+02
3.07340441e-01 8.12489394e+02
3.14343473e-01 7.82539982e+02
3.21506074e-01 7.52806634e+02
3.28831882e-01 7.21678929e+02
3.36324615e-01 6.88841331e+02
3.43988077e-01 6.55547768e+02
3.51826158e-01 6.23695994e+02
3.59842837e-01 5.94567356e+02
3.68042182e-01 5.68472449e+02
3.76428358e-01 5.44807639e+02
3.85005620e-01 5.22241344e+02
3.93778323e-01 4.99601039e+02
4.02750919e-01 4.76667096e+02
4.11927965e-01 4.53998675e+02
4.21314118e-01 4.32398839e+02
4.30914143e-01 4.12462277e+02
4.40732913e-01 3.94066373e+02
4.50775413e-01 3.76605254e+02
4.61046740e-01 3.59581494e+02
4.71552109e-01 3.42764549e+02
4.82296852e-01 3.26483889e+02
4.93286424e-01 3.11078243e+02
5.04526403e-01 2.96632392e+02
5.16022495e-01 2.82975974e+02
5.27780537e-01 2.69797355e+02
5.39806495e-01 2.57033525e+02
5.52106477e-01 2.44759555e+02
5.64686724e-01 2.33126787e+02
5.77553624e-01 2.22097538e+02
5.90713708e-01 2.11576445e+02
6.04173657e-01 2.01455947e+02
6.17940302e-01 1.91765221e+02
6.32020633e-01 1.82527307e+02
6.46421798e-01 1.73746785e+02
6.61151105e-01 1.65374412e+02
6.76216034e-01 1.57377289e+02
6.91624231e-01 1.49740784e+02
7.07383517e-01 1.42451192e+02
7.23501893e-01 1.35495122e+02
7.39987541e-01 1.28859506e+02
7.56848829e-01 1.22531610e+02
7.74094317e-01 1.16499037e+02
7.91732759e-01 1.10749735e+02
8.09773109e-01 1.05271997e+02
8.28224525e-01 1.00054313e+02
8.47096373e-01 9.50849798e+01
8.66398234e-01 9.03526483e+01
8.86139904e-01 8.58464688e+01
9.06331407e-01 8.15560686e+01
9.26982991e-01 7.74715316e+01
9.48105141e-01 7.35833796e+01
9.69708578e-01 6.98825533e+01
9.91804268e-01 6.63603945e+01
1.01440343e+00 6.30086295e+01
1.03751753e+00 5.98193968e+01
1.06115831e+00 5.67852572e+01
1.08533777e+00 5.38990930e+01
1.11006818e+00 5.11540861e+01
1.13536209e+00 4.85437066e+01
1.16123234e+00 4.60617029e+01
1.18769208e+00 4.37020910e+01
1.21475472e+00 4.14591444e+01
1.24243401e+00 3.93273845e+01
1.27074400e+00 3.73015704e+01
1.29969905e+00 3.53766757e+01
1.32931388e+00 3.35478841e+01
1.35960350e+00 3.18105959e+01
1.39058330e+00 3.01604197e+01
1.42226901e+00 2.85931637e+01
1.45467670e+00 2.71048272e+01
1.48782283e+00 2.56915927e+01
1.52172422e+00 2.43498176e+01
1.55639809e+00 2.30760273e+01
1.59186203e+00 2.18669080e+01
1.62813406e+00 2.07193000e+01
1.66523257e+00 1.96301913e+01
1.70317641e+00 1.85967098e+01
1.74198483e+00 1.76161178e+01
1.78167754e+00 1.66858059e+01
1.82227468e+00 1.58032875e+01
1.86379686e+00 1.49661931e+01
1.90626516e+00 1.41722655e+01
1.94970115e+00 1.34193545e+01
1.99412686e+00 1.27054121e+01
2.03956485e+00 1.20284872e+01
2.08603819e+00 1.13867222e+01
2.13357046e+00 1.07783488e+01
2.18218581e+00 1.02016842e+01
2.23190889e+00 9.65512671e+00
2.28276496e+00 9.13715264e+00
2.33477984e+00 8.64631227e+00
2.38797992e+00 8.18122660e+00
2.44239221e+00 7.74058404e+00
2.49804433e+00 7.32313702e+00
2.55496454e+00 6.92769879e+00
2.61318173e+00 6.55314117e+00
2.67272545e+00 6.19839179e+00
2.73362593e+00 5.86243149e+00
2.79591407e+00 5.54429176e+00
2.85962152e+00 5.24305237e+00
2.92478059e+00 4.95783900e+00
2.99142437e+00 4.68782113e+00
3.05958669e+00 4.43220987e+00
3.12930216e+00 4.19025590e+00
3.20060615e+00 3.96124758e+00
3.27353487e+00 3.74450922e+00
3.34812533e+00 3.53939933e+00
3.42441541e+00 3.34530895e+00
3.50244383e+00 3.16166006e+00
3.58225019e+00 2.98790409e+00
3.66387501e+00 2.82352045e+00
3.74735973e+00 2.66801516e+00
3.83274673e+00 2.52091952e+00
3.92007935e+00 2.38178871e+00
4.00940191e+00 2.25020076e+00
4.10075978e+00 2.12575546e+00
4.19419932e+00 2.00807329e+00
4.28976796e+00 1.89679439e+00
4.38751422e+00 1.79157754e+00
4.48748771e+00 1.69209927e+00
4.58973920e+00 1.59805294e+00
4.69432057e+00 1.50914789e+00
4.80128493e+00 1.42510862e+00
4.91068657e+00 1.34567407e+00
5.02258102e+00 1.27059681e+00
5.13702509e+00 1.19964243e+00
5.25407688e+00 1.13258882e+00
5.37379579e+00 1.06922555e+00
5.49624261e+00 1.00935331e+00
5.62147949e+00 9.52783297e-01
5.74957001e+00 8.99336696e-01
5.88057918e+00 8.48844159e-01
6.01457352e+00 8.01145295e-01
6.15162104e+00 7.56088197e-01
6.29179132e+00 7.13529042e-01
6.43515550e+00 6.73331683e-01
6.58178636e+00 6.35367242e-01
6.73175834e+00 5.99513737e-01
6.88514757e+00 5.65655719e-01
7.04203191e+00 5.33683929e-01
7.20249100e+00 5.03494977e-01
7.36660630e+00 4.74991029e-01
7.53446112e+00 4.48079516e-01
7.70614066e+00 4.22672853e-01
7.88173208e+00 3.98688185e-01
8.06132450e+00 3.76047136e-01
8.24500910e+00 3.54675573e-01
8.43287912e+00 3.34503378e-01
8.62502993e+00 3.15464242e-01
8.82155908e+00 2.97495454e-01
9.02256631e+00 2.80537716e-01
9.22815368e+00 2.64534958e-01
9.43842554e+00 2.49434156e-01
9.65348864e+00 2.35185183e-01
9.87345215e+00 2.21740649e-01
1.00984277e+01 2.09055759e-01
1.03285296e+01 1.97088175e-01
1.05638745e+01 1.85797878e-01
1.08045820e+01 1.75147049e-01
1.10507742e+01 1.65099947e-01
1.13025761e+01 1.55622798e-01
1.15601156e+01 1.46683689e-01
1.18235233e+01 1.38252462e-01
1.20929330e+01 1.30300626e-01
1.23684815e+01 1.22801262e-01
1.26503086e+01 1.15728944e-01
1.29385574e+01 1.09059652e-01
1.32333741e+01 1.02770699e-01
1.35349086e+01 9.68406575e-02
1.38433138e+01 9.12492892e-02
1.41587463e+01 8.59774817e-02
1.44813662e+01 8.10071852e-02
1.48113372e+01 7.63213533e-02
1.51488270e+01 7.19038906e-02
1.54940068e+01 6.77396007e-02
1.58470518e+01 6.38141366e-02
1.62081413e+01 6.01139538e-02
1.65774585e+01 5.66262664e-02
1.69551910e+01 5.33390047e-02
1.73415304e+01 5.02407762e-02
1.77366729e+01 4.73208280e-02
1.81408191e+01 4.45690102e-02
1.85541742e+01 4.19757434e-02
1.89769479e+01 3.95319875e-02
1.94093549e+01 3.72292115e-02
1.98516146e+01 3.50593660e-02
2.03039517e+01 3.30148553e-02
2.07665957e+01 3.10885133e-02
2.12397814e+01 2.92735785e-02
2.17237492e+01 2.75636721e-02
2.22187445e+01 2.59527764e-02
2.27250188e+01 2.44352137e-02
2.32428290e+01 2.30056284e-02
2.37724380e+01 2.16589688e-02
2.43141145e+01 2.03904701e-02
2.48681337e+01 1.91956386e-02
2.54347767e+01 1.80702361e-02
2.60143312e+01 1.70102658e-02
2.66070914e+01 1.60119585e-02
2.72133582e+01 1.50717600e-02
2.78334392e+01 1.41863186e-02
2.84676494e+01 1.33524736e-02
2.91163107e+01 1.25672449e-02
2.97797523e+01 1.18278228e-02
3.04583110e+01 1.11315585e-02
3.11523313e+01 1.04759549e-02
3.18621654e+01 9.85865795e-03
3.25881738e+01 9.27744870e-03
3.33307249e+01 8.73023548e-03
3.40901958e+01 8.21504676e-03
3.48669719e+01 7.73002400e-03
3.56614475e+01 7.27341522e-03
3.64740260e+01 6.84356927e-03
3.73051198e+01 6.43893017e-03
3.81551508e+01 6.05803163e-03
3.90245506e+01 5.69949194e-03
3.99137604e+01 5.36200914e-03
4.08232317e+01 5.04435645e-03
4.17534261e+01 4.74537796e-03
4.27048159e+01 4.46398460e-03
4.36778839e+01 4.19915025e-03
4.46731241e+01 3.94990821e-03
4.56910419e+01 3.71534773e-03
4.67321538e+01 3.49461082e-03
4.77969883e+01 3.28688923e-03
4.88860861e+01 3.09142155e-03
5.00000000e+01 2.90749059e-03
