5.00000000e-04 9.81242006e+02
5.11392954e-04 1.00257720e+03
5.23045507e-04 1.02436643e+03
5.34963574e-04 1.04661875e+03
5.47153205e-04 1.06934338e+03
5.59620588e-04 1.09254967e+03
5.72372051e-04 1.11624714e+03
5.85414068e-04 1.14044544e+03
5.98753260e-04 1.16515437e+03
6.12396397e-04 1.19038392e+03
6.26350405e-04 1.21614417e+03
6.40622368e-04 1.24244536e+03
6.55219530e-04 1.26929785e+03
6.70149302e-04 1.29671216e+03
6.85419263e-04 1.32469900e+03
7.01037164e-04 1.35326918e+03
7.17010932e-04 1.38243371e+03
7.33348678e-04 1.41220373e+03
7.50058693e-04 1.44259057e+03
7.67149462e-04 1.47360563e+03
7.84629659e-04 1.50526045e+03
8.02508159e-04 1.53756671e+03
8.20794036e-04 1.57053623e+03
8.39496574e-04 1.60418098e+03
8.58625266e-04 1.63851304e+03
8.78189822e-04 1.67354460e+03
8.98200175e-04 1.70928802e+03
9.18666482e-04 1.74575580e+03
9.39599132e-04 1.78296048e+03
9.61008752e-04 1.82091474e+03
9.82906209e-04 1.85963135e+03
1.00530262e-03 1.89912326e+03
1.02820935e-03 1.93940343e+03
1.05163804e-03 1.98048487e+03
1.07560057e-03 2.02238067e+03
1.10010910e-03 2.06510404e+03
1.12517609e-03 2.10866827e+03
1.15081425e-03 2.15308659e+03
1.17703659e-03 2.19837228e+03
1.20385644e-03 2.24453869e+03
1.23128740e-03 2.29159923e+03
1.25934341e-03 2.33956723e+03
1.28803869e-03 2.38845591e+03
1.31738782e-03 2.43827855e+03
1.34740570e-03 2.48904839e+03
1.37810756e-03 2.54077867e+03
1.40950899e-03 2.59348240e+03
1.44162594e-03 2.64717253e+03
1.47447469e-03 2.70186198e+03
1.50807194e-03 2.75756361e+03
1.54243473e-03 2.81428995e+03
1.57758050e-03 2.87205329e+03
1.61352711e-03 2.93086584e+03
1.65029279e-03 2.99073965e+03
1.68789621e-03 3.05168652e+03
1.72635646e-03 3.11371787e+03
1.76569306e-03 3.17684494e+03
1.80592598e-03 3.24107873e+03
1.84707564e-03 3.30642996e+03
1.88916294e-03 3.37290881e+03
1.93220923e-03 3.44052507e+03
1.97623638e-03 3.50928822e+03
2.02126672e-03 3.57920739e+03
2.06732311e-03 3.65029112e+03
2.11442895e-03 3.72254730e+03
2.16260813e-03 3.79598343e+03
2.21188512e-03 3.87060650e+03
2.26228494e-03 3.94642294e+03
2.31383315e-03 4.02343841e+03
2.36655594e-03 4.10165794e+03
2.42048007e-03 4.18108598e+03
2.47563291e-03 4.26172635e+03
2.53204245e-03 4.34358184e+03
2.58973734e-03 4.42665436e+03
2.64874686e-03 4.51094507e+03
2.70910096e-03 4.59645437e+03
2.77083029e-03 4.68318168e+03
2.83396617e-03 4.77112530e+03
2.89854067e-03 4.86028260e+03
2.96458655e-03 4.95065004e+03
3.03213734e-03 5.04222305e+03
3.10122735e-03 5.13499559e+03
3.17189163e-03 5.22896046e+03
3.24416606e-03 5.32410937e+03
3.31808733e-03 5.42043284e+03
3.39369297e-03 5.51791975e+03
3.47102134e-03 5.61655725e+03
3.55011172e-03 5.71633120e+03
3.63100424e-03 5.81722612e+03
3.71373997e-03 5.91922497e+03
3.79836091e-03 6.02230881e+03
3.88491001e-03 6.12645713e+03
3.97343121e-03 6.23164790e+03
4.06396945e-03 6.33785747e+03
4.15657069e-03 6.44505965e+03
4.25128193e-03 6.55322609e+03
4.34815125e-03 6.66232671e+03
4.44722782e-03 6.77232965e+03
4.54856195e-03 6.88320107e+03
4.65220506e-03 6.99490503e+03
4.75820978e-03 7.10740368e+03
4.86662991e-03 7.22065728e+03
4.97752050e-03 7.33462324e+03
5.09093782e-03 7.44925265e+03
5.20693947e-03 7.56449304e+03
5.32558431e-03 7.68028960e+03
5.44693259e-03 7.79658549e+03
5.57104589e-03 7.91332874e+03
5.69798724e-03 8.03047171e+03
5.82782105e-03 8.14796542e+03
5.96061325e-03 8.26575929e+03
6.09643123e-03 8.38379113e+03
6.23534396e-03 8.50197093e+03
6.37742193e-03 8.62020111e+03
6.52273729e-03 8.73838032e+03
6.67136378e-03 8.85640544e+03
6.82337686e-03 8.97418603e+03
6.97885370e-03 9.09163731e+03
7.13787322e-03 9.20867237e+03
7.30051615e-03 9.32520211e+03
7.46686504e-03 9.44113326e+03
7.63700434e-03 9.55636740e+03
7.81102042e-03 9.67080366e+03
7.98900162e-03 9.78433906e+03
8.17103828e-03 9.89686622e+03
8.35722281e-03 1.00082651e+04
8.54764972e-03 1.01184100e+04
8.74241568e-03 1.02271731e+04
8.94161957e-03 1.03344239e+04
9.14536249e-03 1.04400251e+04
9.35374788e-03 1.05438334e+04
9.56688152e-03 1.06457033e+04
9.78487161e-03 1.07454874e+04
1.00078288e-02 1.08430344e+04
1.02358663e-02 1.09381868e+04
1.04690998e-02 1.10307849e+04
1.07076477e-02 1.11206678e+04
1.09516312e-02 1.12076730e+04
1.12011741e-02 1.12916308e+04
1.14564030e-02 1.13723679e+04
1.17174475e-02 1.14497108e+04
1.19844402e-02 1.15234863e+04
1.22575166e-02 1.15935150e+04
1.25368152e-02 1.16596085e+04
1.28224780e-02 1.17215790e+04
1.31146498e-02 1.17792406e+04
1.34134790e-02 1.18324077e+04
1.37191173e-02 1.18808895e+04
1.40317198e-02 1.19244961e+04
1.43514453e-02 1.19630416e+04
1.46784560e-02 1.19963443e+04
1.50129180e-02 1.20242189e+04
1.53550010e-02 1.20464786e+04
1.57048786e-02 1.20629428e+04
1.60627285e-02 1.20734387e+04
1.64287324e-02 1.20777986e+04
1.68030760e-02 1.20758571e+04
1.71859493e-02 1.20674577e+04
1.75775468e-02 1.20524544e+04
1.79780672e-02 1.20307125e+04
1.83877138e-02 1.20021074e+04
1.88066945e-02 1.19665264e+04
1.92352221e-02 1.19238709e+04
1.96735141e-02 1.18740568e+04
2.01217930e-02 1.18170201e+04
2.05802864e-02 1.17527190e+04
2.10492269e-02 1.16811285e+04
2.15288526e-02 1.16022407e+04
2.20194071e-02 1.15160706e+04
2.25211393e-02 1.14226757e+04
2.30343039e-02 1.13221366e+04
2.35591614e-02 1.12145513e+04
2.40959783e-02 1.11000368e+04
2.46450271e-02 1.09787657e+04
2.52065864e-02 1.08509569e+04
2.57809414e-02 1.07168430e+04
2.63683836e-02 1.05766685e+04
2.69692111e-02 1.04307210e+04
2.75837291e-02 1.02793717e+04
2.82122494e-02 1.01230057e+04
2.88550911e-02 9.96200867e+03
2.95125806e-02 9.79678000e+03
3.01850516e-02 9.62782537e+03
3.08728454e-02 9.45568989e+03
3.15763112e-02 9.28090178e+03
3.22958061e-02 9.10397223e+03
3.30316954e-02 8.92546541e+03
3.37843526e-02 8.74601690e+03
3.45541598e-02 8.56623327e+03
3.53415077e-02 8.38668391e+03
3.61467960e-02 8.20794316e+03
3.69704336e-02 8.03072064e+03
3.78128385e-02 7.85571591e+03
3.86744384e-02 7.68357002e+03
3.95556706e-02 7.51486175e+03
4.04569825e-02 7.35002547e+03
4.13788316e-02 7.18938091e+03
4.23216859e-02 7.03321211e+03
4.32860239e-02 6.88177248e+03
4.42723353e-02 6.73542278e+03
4.52811207e-02 6.59479860e+03
4.63128921e-02 6.46051970e+03
4.73681735e-02 6.33314938e+03
4.84475003e-02 6.21302466e+03
4.95514206e-02 6.09964935e+03
5.06804947e-02 5.99233299e+03
5.18352959e-02 5.89043153e+03
5.30164102e-02 5.79333839e+03
5.42244372e-02 5.70047187e+03
5.54599903e-02 5.61128301e+03
5.67236965e-02 5.52524727e+03
5.80161975e-02 5.44172303e+03
5.93381492e-02 5.35997376e+03
6.06902229e-02 5.27929911e+03
6.20731047e-02 5.19889396e+03
6.34874968e-02 5.11772237e+03
6.49341171e-02 5.03478294e+03
6.64136999e-02 4.94900361e+03
6.79269964e-02 4.85907427e+03
6.94747747e-02 4.76376072e+03
7.10578206e-02 4.66212236e+03
7.26769376e-02 4.55360253e+03
7.43329476e-02 4.43782138e+03
7.60266913e-02 4.31492369e+03
7.77590285e-02 4.18541656e+03
7.95308386e-02 4.05005853e+03
8.13430210e-02 3.91018973e+03
8.31964957e-02 3.76721517e+03
8.50922034e-02 3.62275309e+03
8.70311065e-02 3.47844845e+03
8.90141894e-02 3.33593329e+03
9.10424585e-02 3.19683097e+03
9.31169436e-02 3.06270482e+03
9.52386978e-02 2.93518302e+03
9.74087980e-02 2.81564983e+03
9.96283460e-02 2.70535080e+03
1.01898468e-01 2.60536740e+03
1.04220317e-01 2.51628068e+03
1.06595072e-01 2.43803472e+03
1.09023938e-01 2.37027400e+03
1.11508147e-01 2.31164186e+03
1.14048962e-01 2.26056861e+03
1.16647671e-01 2.21487126e+03
1.19305594e-01 2.17219374e+03
1.22024080e-01 2.13009936e+03
1.24804510e-01 2.08621633e+03
1.27648294e-01 2.03853499e+03
1.30556876e-01 1.98542766e+03
1.33531733e-01 1.92603085e+03
1.36574375e-01 1.86008335e+03
1.39686346e-01 1.78818567e+03
1.42869226e-01 1.71149692e+03
1.46124632e-01 1.63176135e+03
1.49454214e-01 1.55119753e+03
1.52859664e-01 1.47230257e+03
1.56342710e-01 1.39782031e+03
1.59905121e-01 1.33013760e+03
1.63548704e-01 1.27100381e+03
1.67275310e-01 1.22092921e+03
1.71086830e-01 1.17929821e+03
1.74985199e-01 1.14456499e+03
1.78972396e-01 1.11470927e+03
1.83050444e-01 1.08749667e+03
1.87221415e-01 1.06054311e+03
1.91487425e-01 1.03145736e+03
1.95850640e-01 9.98316874e+02
2.00313274e-01 9.60344238e+02
2.04877594e-01 9.18149289e+02
2.09545916e-01 8.73438834e+02
2.14320611e-01 8.28434221e+02
2.19204100e-01 7.85393101e+02
2.24198865e-01 7.46279389e+02
2.29307440e-01 7.12365677e+02
2.34532418e-01 6.83895900e+02
2.39876452e-01 6.60083088e+02
2.45342255e-01 6.39369191e+02
2.50932601e-01 6.19729364e+02
2.56650328e-01 5.99135569e+02
2.62498339e-01 5.76300356e+02
2.68479602e-01 5.51182443e+02
2.74597154e-01 5.24735188e+02
2.80854100e-01 4.98324924e+02
2.87253615e-01 4.73417363e+02
2.93798950e-01 4.51240538e+02
3.00493426e-01 4.32185943e+02
3.07340441e-01 4.15596477e+02
3.14343473e-01 4.00277358e+02
3.21506074e-01 3.85068719e+02
3.28831882e-01 3.69146691e+02
3.36324615e-01 3.52350166e+02
3.43988077e-01 3.35320253e+02
3.51826158e-01 3.19027865e+02
3.59842837e-01 3.04128389e+02
3.68042182e-01 2.90780647e+02
3.76428358e-01 2.78675934e+02
3.85005620e-01 2.67133132e+02
3.93778323e-01 2.55552432e+02
4.02750919e-01 2.43821521e+02
4.11927965e-01 2.32226454e+02
4.21314118e-01 2.21177944e+02
4.30914143e-01 2.10980171e+02
4.40732913e-01 2.01570463e+02
4.50775413e-01 1.92638938e+02
4.61046740e-01 1.83931108e+02
4.71552109e-01 1.75329023e+02
4.82296852e-01 1.67001311e+02
4.93286424e-01 1.59121187e+02
5.04526403e-01 1.51731896e+02
5.16022495e-01 1.44746484e+02
5.27780537e-01 1.38005441e+02
5.39806495e-01 1.31476599e+02
5.52106477e-01 1.25198294e+02
5.64686724e-01 1.19248001e+02
5.77553624e-01 1.13606385e+02
5.90713708e-01 1.08224701e+02
6.04173657e-01 1.03047920e+02
6.17940302e-01 9.80909576e+01
6.32020633e-01 9.33657056e+01
6.46421798e-01 8.88743233e+01
6.61151105e-01 8.45916774e+01
6.76216034e-01 8.05009979e+01
6.91624231e-01 7.65947976e+01
7.07383517e-01 7.28660612e+01
7.23501893e-01 6.93079345e+01
7.39987541e-01 6.59137300e+01
7.56848829e-01 6.26769308e+01
7.74094317e-01 5.95911933e+01
7.91732759e-01 5.66503506e+01
8.09773109e-01 5.38484130e+01
8.28224525e-01 5.11794922e+01
8.47096373e-01 4.86376021e+01
8.66398234e-01 4.62169390e+01
8.86139904e-01 4.39119540e+01
9.06331407e-01 4.17173419e+01
9.26982991e-01 3.96280313e+01
9.48105141e-01 3.76391744e+01
9.69708578e-01 3.57461377e+01
9.91804268e-01 3.39444928e+01
1.01440343e+00 3.22300079e+01
1.03751753e+00 3.05986617e+01
1.06115831e+00 2.90466487e+01
1.08533777e+00 2.75703279e+01
1.11006818e+00 2.61662116e+01
1.13536209e+00 2.48309594e+01
1.16123234e+00 2.35613734e+01
1.18769208e+00 2.23543926e+01
1.21475472e+00 2.12070877e+01
1.24243401e+00 2.01166563e+01
1.27074400e+00 1.90804175e+01
1.29969905e+00 1.80958003e+01
1.32931388e+00 1.71603412e+01
1.35960350e+00 1.62716874e+01
1.39058330e+00 1.54275928e+01
1.42226901e+00 1.46259133e+01
1.45467670e+00 1.38646025e+01
1.48782283e+00 1.31417076e+01
1.52172422e+00 1.24553656e+01
1.55639809e+00 1.18037991e+01
1.59186203e+00 1.11853131e+01
1.62813406e+00 1.05982913e+01
1.66523257e+00 1.00411929e+01
1.70317641e+00 9.51254898e+00
1.74198483e+00 9.01095897e+00
1.78167754e+00 8.53508814e+00
1.82227468e+00 8.08366450e+00
1.86379686e+00 7.65547605e+00
1.90626516e+00 7.24936814e+00
1.94970115e+00 6.86424092e+00
1.99412686e+00 6.49904679e+00
2.03956485e+00 6.15278775e+00
2.08603819e+00 5.82451358e+00
2.13357046e+00 5.51331980e+00
2.18218581e+00 5.21834557e+00
2.23190889e+00 4.93877169e+00
2.28276496e+00 4.67381870e+00
2.33477984e+00 4.42274507e+00
2.38797992e+00 4.18484542e+00
2.44239221e+00 3.95944884e+00
2.49804433e+00 3.74591718e+00
2.55496454e+00 3.54364340e+00
2.61318173e+00 3.35205042e+00
2.67272545e+00 3.17058972e+00
2.73362593e+00 2.99873996e+00
2.79591407e+00 2.83600574e+00
2.85962152e+00 2.68191635e+00
2.92478059e+00 2.53602456e+00
2.99142437e+00 2.39790554e+00
3.05958669e+00 2.26715577e+00
3.12930216e+00 2.14339194e+00
3.20060615e+00 2.02625005e+00
3.27353487e+00 1.91538447e+00
3.34812533e+00 1.81046706e+00
3.42441541e+00 1.71118632e+00
3.50244383e+00 1.61724660e+00
3.58225019e+00 1.52836729e+00
3.66387501e+00 1.44428209e+00
3.74735973e+00 1.36473832e+00
3.83274673e+00 1.28949624e+00
3.92007935e+00 1.21832831e+00
4.00940191e+00 1.15101869e+00
4.10075978e+00 1.08736266e+00
4.19419932e+00 1.02716609e+00
4.28976796e+00 9.70244907e-01
4.38751422e+00 9.16424571e-01
4.48748771e+00 8.65539620e-01
4.58973920e+00 8.17433201e-01
4.69432057e+00 7.71956635e-01
4.80128493e+00 7.28969009e-01
4.91068657e+00 6.88336772e-01
5.02258102e+00 6.49933374e-01
5.13702509e+00 6.13638901e-01
5.25407688e+00 5.79339742e-01
5.37379579e+00 5.46928267e-01
5.49624261e+00 5.16302518e-01
5.62147949e+00 4.87365922e-01
5.74957001e+00 4.60027010e-01
5.88057918e+00 4.34199158e-01
6.01457352e+00 4.09800325e-01
6.15162104e+00 3.86752804e-01
6.29179132e+00 3.64983029e-01
6.43515550e+00 3.44421355e-01
6.58178636e+00 3.25001860e-01
6.73175834e+00 3.06662147e-01
6.88514757e+00 2.89343161e-01
7.04203191e+00 2.72989013e-01
7.20249100e+00 2.57546819e-01
7.36660630e+00 2.42966534e-01
7.53446112e+00 2.29200807e-01
7.70614066e+00 2.16204838e-01
7.88173208e+00 2.03936244e-01
8.06132450e+00 1.92354934e-01
8.24500910e+00 1.81422990e-01
8.43287912e+00 1.71104544e-01
8.62502993e+00 1.61365678e-01
8.82155908e+00 1.52174314e-01
9.02256631e+00 1.43500121e-01
9.22815368e+00 1.35314417e-01
9.43842554e+00 1.27590081e-01
9.65348864e+00 1.20301470e-01
9.87345215e+00 1.13424345e-01
1.00984277e+01 1.06935792e-01
1.03285296e+01 1.00814153e-01
1.05638745e+01 9.50389597e-02
1.08045820e+01 8.95908657e-02
1.10507742e+01 8.44515893e-02
1.13025761e+01 7.96038546e-02
1.15601156e+01 7.50313370e-02
1.18235233e+01 7.07186105e-02
1.20929330e+01 6.66511009e-02
1.23684815e+01 6.28150396e-02
1.26503086e+01 5.91974200e-02
1.29385574e+01 5.57859559e-02
1.32333741e+01 5.25690423e-02
1.35349086e+01 4.95357184e-02
1.38433138e+01 4.66756322e-02
1.41587463e+01 4.39790073e-02
1.44813662e+01 4.14366109e-02
1.48113372e+01 3.90397233e-02
1.51488270e+01 3.67801115e-02
1.54940068e+01 3.46500022e-02
1.58470518e+01 3.26420566e-02
1.62081413e+01 3.07493465e-02
1.65774585e+01 2.89653315e-02
1.69551910e+01 2.72838379e-02
1.73415304e+01 2.56990381e-02
1.77366729e+01 2.42054319e-02
1.81408191e+01 2.27978274e-02
1.85541742e+01 2.14713245e-02
1.89769479e+01 2.02212992e-02
1.94093549e+01 1.90433877e-02
1.98516146e+01 1.79334725e-02
2.03039517e+01 1.68876684e-02
2.07665957e+01 1.59023098e-02
2.12397814e+01 1.49739380e-02
2.17237492e+01 1.40992902e-02
2.22187445e+01 1.32752882e-02
2.27250188e+01 1.24990277e-02
2.32428290e+01 1.17677693e-02
2.37724380e+01 1.10789289e-02
2.43141145e+01 1.04300692e-02
2.48681337e+01 9.81889165e-03
2.54347767e+01 9.24322825e-03
2.60143312e+01 8.70103455e-03
2.66070914e+01 8.19038259e-03
2.72133582e+01 7.70945430e-03
2.78334392e+01 7.25653524e-03
2.84676494e+01 6.83000867e-03
2.91163107e+01 6.42835019e-03
2.97797523e+01 6.05012261e-03
3.04583110e+01 5.69397103e-03
3.11523313e+01 5.35861812e-03
3.18621654e+01 5.04285978e-03
3.25881738e+01 4.74556096e-03
3.33307249e+01 4.46565174e-03
3.40901958e+01 4.20212364e-03
3.48669719e+01 3.95402600e-03
3.56614475e+01 3.72046262e-03
3.64740260e+01 3.50058892e-03
3.73051198e+01 3.29360898e-03
3.81551508e+01 3.09877276e-03
3.90245506e+01 2.91537350e-03
3.99137604e+01 2.74274521e-03
4.08232317e+01 2.58026038e-03
4.17534261e+01 2.42732773e-03
4.27048159e+01 2.28339018e-03
4.36778839e+01 2.14792286e-03
4.46731241e+01 2.02043129e-03
4.56910419e+01 1.90044959e-03
4.67321538e+01 1.78753889e-03
4.77969883e+01 1.68128575e-03
4.88860861e+01 1.58130071e-03
5.00000000e+01 1.48721690e-03
