5.00000000e-04 1.69857759e+02
5.11392954e-04 1.73556829e+02
5.23045507e-04 1.77334928e+02
5.34963574e-04 1.81193645e+02
5.47153205e-04 1.85134597e+02
5.59620588e-04 1.89159431e+02
5.72372051e-04 1.93269811e+02
5.85414068e-04 1.97467428e+02
5.98753260e-04 2.01753998e+02
6.12396397e-04 2.06131268e+02
6.26350405e-04 2.10601008e+02
6.40622368e-04 2.15165011e+02
6.55219530e-04 2.19825099e+02
6.70149302e-04 2.24583120e+02
6.85419263e-04 2.29440951e+02
7.01037164e-04 2.34400485e+02
7.17010932e-04 2.39463640e+02
7.33348678e-04 2.44632359e+02
7.50058693e-04 2.49908616e+02
7.67149462e-04 2.55294402e+02
7.84629659e-04 2.60791726e+02
8.02508159e-04 2.66402623e+02
8.20794036e-04 2.72129155e+02
8.39496574e-04 2.77973405e+02
8.58625266e-04 2.83937466e+02
8.78189822e-04 2.90023452e+02
8.98200175e-04 2.96233502e+02
9.18666482e-04 3.02569777e+02
9.39599132e-04 3.09034452e+02
9.61008752e-04 3.15629718e+02
9.82906209e-04 3.22357786e+02
1.00530262e-03 3.29220889e+02
1.02820935e-03 3.36221269e+02
1.05163804e-03 3.43361161e+02
1.07560057e-03 3.50642817e+02
1.10010910e-03 3.58068504e+02
1.12517609e-03 3.65640502e+02
1.15081425e-03 3.73361092e+02
1.17703659e-03 3.81232564e+02
1.20385644e-03 3.89257218e+02
1.23128740e-03 3.97437365e+02
1.25934341e-03 4.05775304e+02
1.28803869e-03 4.14273325e+02
1.31738782e-03 4.22933723e+02
1.34740570e-03 4.31758794e+02
1.37810756e-03 4.40750825e+02
1.40950899e-03 4.49912084e+02
1.44162594e-03 4.59244830e+02
1.47447469e-03 4.68751313e+02
1.50807194e-03 4.78433775e+02
1.54243473e-03 4.88294410e+02
1.57758050e-03 4.98335380e+02
1.61352711e-03 5.08558825e+02
1.65029279e-03 5.18966868e+02
1.68789621e-03 5.29561591e+02
1.72635646e-03 5.40345019e+02
1.76569306e-03 5.51319148e+02
1.80592598e-03 5.62485938e+02
1.84707564e-03 5.73847298e+02
1.88916294e-03 5.85405028e+02
1.93220923e-03 5.97160859e+02
1.97623638e-03 6.09116466e+02
2.02126672e-03 6.21273468e+02
2.06732311e-03 6.33633379e+02
2.11442895e-03 6.46197612e+02
2.16260813e-03 6.58967501e+02
2.21188512e-03 6.71944306e+02
2.26228494e-03 6.85129174e+02
2.31383315e-03 6.98523089e+02
2.36655594e-03 7.12126924e+02
2.42048007e-03 7.25941450e+02
2.47563291e-03 7.39967322e+02
2.53204245e-03 7.54205035e+02
2.58973734e-03 7.68654936e+02
2.64874686e-03 7.83317243e+02
2.70910096e-03 7.98192039e+02
2.77083029e-03 8.13279237e+02
2.83396617e-03 8.28578555e+02
2.89854067e-03 8.44089549e+02
2.96458655e-03 8.59811615e+02
3.03213734e-03 8.75743969e+02
3.10122735e-03 8.91885574e+02
3.17189163e-03 9.08235185e+02
3.24416606e-03 9.24791368e+02
3.31808733e-03 9.41552487e+02
3.39369297e-03 9.58516627e+02
3.47102134e-03 9.75681593e+02
3.55011172e-03 9.93044963e+02
3.63100424e-03 1.01060408e+03
3.71373997e-03 1.02835602e+03
3.79836091e-03 1.04629749e+03
3.88491001e-03 1.06442491e+03
3.97343121e-03 1.08273446e+03
4.06396945e-03 1.10122201e+03
4.15657069e-03 1.11988304e+03
4.25128193e-03 1.13871266e+03
4.34815125e-03 1.15770567e+03
4.44722782e-03 1.17685657e+03
4.54856195e-03 1.19615953e+03
4.65220506e-03 1.21560835e+03
4.75820978e-03 1.23519650e+03
4.86662991e-03 1.25491713e+03
4.97752050e-03 1.27476286e+03
5.09093782e-03 1.29472510e+03
5.20693947e-03 1.31479460e+03
5.32558431e-03 1.33496167e+03
5.44693259e-03 1.35521631e+03
5.57104589e-03 1.37554974e+03
5.69798724e-03 1.39595433e+03
5.82782105e-03 1.41642226e+03
5.96061325e-03 1.43694545e+03
6.09643123e-03 1.45751348e+03
6.23534396e-03 1.47811008e+03
6.37742193e-03 1.49871748e+03
6.52273729e-03 1.51931723e+03
6.67136378e-03 1.53989058e+03
6.82337686e-03 1.56042185e+03
6.97885370e-03 1.58089681e+03
7.13787322e-03 1.60130086e+03
7.30051615e-03 1.62161906e+03
7.46686504e-03 1.64183545e+03
7.63700434e-03 1.66193268e+03
7.81102042e-03 1.68189293e+03
7.98900162e-03 1.70169801e+03
8.17103828e-03 1.72132898e+03
8.35722281e-03 1.74076483e+03
8.54764972e-03 1.75998364e+03
8.74241568e-03 1.77896310e+03
8.94161957e-03 1.79768042e+03
9.14536249e-03 1.81611172e+03
9.35374788e-03 1.83423211e+03
9.56688152e-03 1.85201629e+03
9.78487161e-03 1.86943867e+03
1.00078288e-02 1.88647299e+03
1.02358663e-02 1.90309183e+03
1.04690998e-02 1.91926739e+03
1.07076477e-02 1.93497168e+03
1.09516312e-02 1.95017640e+03
1.12011741e-02 1.96485197e+03
1.14564030e-02 1.97896813e+03
1.17174475e-02 1.99249458e+03
1.19844402e-02 2.00540109e+03
1.22575166e-02 2.01765626e+03
1.25368152e-02 2.02922714e+03
1.28224780e-02 2.04008084e+03
1.31146498e-02 2.05018478e+03
1.34134790e-02 2.05950649e+03
1.37191173e-02 2.06801268e+03
1.40317198e-02 2.07567030e+03
1.43514453e-02 2.08244696e+03
1.46784560e-02 2.08831101e+03
1.50129180e-02 2.09323013e+03
1.53550010e-02 2.09717172e+03
1.57048786e-02 2.10010428e+03
1.60627285e-02 2.10199760e+03
1.64287324e-02 2.10282239e+03
1.68030760e-02 2.10254966e+03
1.71859493e-02 2.10115193e+03
1.75775468e-02 2.09860358e+03
1.79780672e-02 2.09488094e+03
1.83877138e-02 2.08996223e+03
1.88066945e-02 2.08382777e+03
1.92352221e-02 2.07646034e+03
1.96735141e-02 2.06784527e+03
2.01217930e-02 2.05797131e+03
2.05802864e-02 2.04683105e+03
2.10492269e-02 2.03442002e+03
2.15288526e-02 2.02073668e+03
2.20194071e-02 2.00578355e+03
2.25211393e-02 1.98957049e+03
2.30343039e-02 1.97211149e+03
2.35591614e-02 1.95342349e+03
2.40959783e-02 1.93352678e+03
2.46450271e-02 1.91245137e+03
2.52065864e-02 1.89023535e+03
2.57809414e-02 1.86691916e+03
2.63683836e-02 1.84254538e+03
2.69692111e-02 1.81716404e+03
2.75837291e-02 1.79083974e+03
2.82122494e-02 1.76363949e+03
2.88550911e-02 1.73563044e+03
2.95125806e-02 1.70688210e+03
3.01850516e-02 1.67748259e+03
3.08728454e-02 1.64752693e+03
3.15763112e-02 1.61710719e+03
3.22958061e-02 1.58631250e+03
3.30316954e-02 1.55524116e+03
3.37843526e-02 1.52400389e+03
3.45541598e-02 1.49270637e+03
3.53415077e-02 1.46144780e+03
3.61467960e-02 1.43032827e+03
3.69704336e-02 1.39947152e+03
3.78128385e-02 1.36899956e+03
3.86744384e-02 1.33902419e+03
3.95556706e-02 1.30964640e+03
4.04569825e-02 1.28094193e+03
4.13788316e-02 1.25296657e+03
4.23216859e-02 1.22576988e+03
4.32860239e-02 1.19939607e+03
4.42723353e-02 1.17390807e+03
4.52811207e-02 1.14941677e+03
4.63128921e-02 1.12603025e+03
4.73681735e-02 1.10384680e+03
4.84475003e-02 1.08292525e+03
4.95514206e-02 1.06317916e+03
5.06804947e-02 1.04448823e+03
5.18352959e-02 1.02674024e+03
5.30164102e-02 1.00982950e+03
5.42244372e-02 9.93654721e+02
5.54599903e-02 9.78120298e+02
5.67236965e-02 9.63134882e+02
5.80161975e-02 9.48586663e+02
5.93381492e-02 9.34347238e+02
6.06902229e-02 9.20294510e+02
6.20731047e-02 9.06288136e+02
6.34874968e-02 8.92147574e+02
6.49341171e-02 8.77698298e+02
6.64136999e-02 8.62753438e+02
6.79269964e-02 8.47084581e+02
6.94747747e-02 8.30476529e+02
7.10578206e-02 8.12765280e+02
7.26769376e-02 7.93853784e+02
7.43329476e-02 7.73675814e+02
7.60266913e-02 7.52256623e+02
7.77590285e-02 7.29684646e+02
7.95308386e-02 7.06092129e+02
8.13430210e-02 6.81712651e+02
8.31964957e-02 6.56791116e+02
8.50922034e-02 6.31609684e+02
8.70311065e-02 6.06455224e+02
8.90141894e-02 5.81612301e+02
9.10424585e-02 5.57363916e+02
9.31169436e-02 5.33982644e+02
9.52386978e-02 5.11752434e+02
9.74087980e-02 4.90914713e+02
9.96283460e-02 4.71686674e+02
1.01898468e-01 4.54256889e+02
1.04220317e-01 4.38726701e+02
1.06595072e-01 4.25086418e+02
1.09023938e-01 4.13274103e+02
1.11508147e-01 4.03053235e+02
1.14048962e-01 3.94150141e+02
1.16647671e-01 3.86184234e+02
1.19305594e-01 3.78744751e+02
1.22024080e-01 3.71406811e+02
1.24804510e-01 3.63756830e+02
1.27648294e-01 3.55444448e+02
1.30556876e-01 3.46185924e+02
1.33531733e-01 3.35830651e+02
1.36574375e-01 3.24333013e+02
1.39686346e-01 3.11797708e+02
1.42869226e-01 2.98426870e+02
1.46124632e-01 2.84524688e+02
1.49454214e-01 2.70477962e+02
1.52859664e-01 2.56722042e+02
1.56342710e-01 2.43735487e+02
1.59905121e-01 2.31934510e+02
1.63548704e-01 2.21624042e+02
1.67275310e-01 2.12893155e+02
1.71086830e-01 2.05634538e+02
1.74985199e-01 1.99578581e+02
1.78972396e-01 1.94373074e+02
1.83050444e-01 1.89628450e+02
1.87221415e-01 1.84928962e+02
1.91487425e-01 1.79857582e+02
1.95850640e-01 1.74079180e+02
2.00313274e-01 1.67458172e+02
2.04877594e-01 1.60100814e+02
2.09545916e-01 1.52304763e+02
2.14320611e-01 1.44457431e+02
2.19204100e-01 1.36952415e+02
2.24198865e-01 1.30132195e+02
2.29307440e-01 1.24218727e+02
2.34532418e-01 1.19254526e+02
2.39876452e-01 1.15102335e+02
2.45342255e-01 1.11490491e+02
2.50932601e-01 1.08065937e+02
2.56650328e-01 1.04475031e+02
2.62498339e-01 1.00493223e+02
2.68479602e-01 9.61133801e+01
2.74597154e-01 9.15017050e+01
2.80854100e-01 8.68964596e+01
2.87253615e-01 8.25532568e+01
2.93798950e-01 7.86862019e+01
3.00493426e-01 7.53635785e+01
3.07340441e-01 7.24708237e+01
3.14343473e-01 6.97995669e+01
3.21506074e-01 6.71475918e+01
3.28831882e-01 6.43711890e+01
3.36324615e-01 6.14422928e+01
3.43988077e-01 5.84726790e+01
3.51826158e-01 5.56316859e+01
3.59842837e-01 5.30335708e+01
3.68042182e-01 5.07060499e+01
3.76428358e-01 4.85952724e+01
3.85005620e-01 4.65824804e+01
3.93778323e-01 4.45630734e+01
4.02750919e-01 4.25174718e+01
4.11927965e-01 4.04955437e+01
4.21314118e-01 3.85689360e+01
4.30914143e-01 3.67906724e+01
4.40732913e-01 3.51498356e+01
4.50775413e-01 3.35923656e+01
4.61046740e-01 3.20739109e+01
4.71552109e-01 3.05738952e+01
4.82296852e-01 2.91217243e+01
4.93286424e-01 2.77475889e+01
5.04526403e-01 2.64590581e+01
5.16022495e-01 2.52409464e+01
5.27780537e-01 2.40654533e+01
5.39806495e-01 2.29269635e+01
5.52106477e-01 2.18321532e+01
5.64686724e-01 2.07945453e+01
5.77553624e-01 1.98107611e+01
5.90713708e-01 1.88723086e+01
6.04173657e-01 1.79695803e+01
6.17940302e-01 1.71051890e+01
6.32020633e-01 1.62811964e+01
6.46421798e-01 1.54979895e+01
6.61151105e-01 1.47511813e+01
6.76216034e-01 1.40378479e+01
6.91624231e-01 1.33566836e+01
7.07383517e-01 1.27064652e+01
7.23501893e-01 1.20859975e+01
7.39987541e-01 1.14941144e+01
7.56848829e-01 1.09296794e+01
7.74094317e-01 1.03915865e+01
7.91732759e-01 9.87876033e+00
8.09773109e-01 9.39015639e+00
8.28224525e-01 8.92474788e+00
8.47096373e-01 8.48149099e+00
8.66398234e-01 8.05937367e+00
8.86139904e-01 7.65742827e+00
9.06331407e-01 7.27472969e+00
9.26982991e-01 6.91039358e+00
9.48105141e-01 6.56357459e+00
9.69708578e-01 6.23346472e+00
9.91804268e-01 5.91929176e+00
1.01440343e+00 5.62031776e+00
1.03751753e+00 5.33584149e+00
1.06115831e+00 5.06519940e+00
1.08533777e+00 4.80775656e+00
1.11006818e+00 4.56290479e+00
1.13536209e+00 4.33006162e+00
1.16123234e+00 4.10866941e+00
1.18769208e+00 3.89819438e+00
1.21475472e+00 3.69812573e+00
1.24243401e+00 3.50797478e+00
1.27074400e+00 3.32727402e+00
1.29969905e+00 3.15557513e+00
1.32931388e+00 2.99244850e+00
1.35960350e+00 2.83748385e+00
1.39058330e+00 2.69028949e+00
1.42226901e+00 2.55049151e+00
1.45467670e+00 2.41773306e+00
1.48782283e+00 2.29167363e+00
1.52172422e+00 2.17198831e+00
1.55639809e+00 2.05836717e+00
1.59186203e+00 1.95051461e+00
1.62813406e+00 1.84814882e+00
1.66523257e+00 1.75100110e+00
1.70317641e+00 1.65881529e+00
1.74198483e+00 1.57134717e+00
1.78167754e+00 1.48836399e+00
1.82227468e+00 1.40964394e+00
1.86379686e+00 1.33497567e+00
1.90626516e+00 1.26415784e+00
1.94970115e+00 1.19699865e+00
1.99412686e+00 1.13331542e+00
2.03956485e+00 1.07293412e+00
2.08603819e+00 1.01568906e+00
2.13357046e+00 9.61422508e-01
2.18218581e+00 9.09984347e-01
2.23190889e+00 8.61231729e-01
2.28276496e+00 8.15028731e-01
2.33477984e+00 7.71246042e-01
2.38797992e+00 7.29760657e-01
2.44239221e+00 6.90455584e-01
2.49804433e+00 6.53219540e-01
2.55496454e+00 6.17946669e-01
2.61318173e+00 5.84536337e-01
2.67272545e+00 5.52892890e-01
2.73362593e+00 5.22925419e-01
2.79591407e+00 4.94547534e-01
2.85962152e+00 4.67677150e-01
2.92478059e+00 4.42236280e-01
2.99142437e+00 4.18150840e-01
3.05958669e+00 3.95350463e-01
3.12930216e+00 3.73768308e-01
3.20060615e+00 3.53340899e-01
3.27353487e+00 3.34007963e-01
3.34812533e+00 3.15712279e-01
3.42441541e+00 2.98399529e-01
3.50244383e+00 2.82018153e-01
3.58225019e+00 2.66519220e-01
3.66387501e+00 2.51856292e-01
3.74735973e+00 2.37985307e-01
3.83274673e+00 2.24864457e-01
3.92007935e+00 2.12454065e-01
4.00940191e+00 2.00716491e-01
4.10075978e+00 1.89616037e-01
4.19419932e+00 1.79118850e-01
4.28976796e+00 1.69192830e-01
4.38751422e+00 1.59807542e-01
4.48748771e+00 1.50934132e-01
4.58973920e+00 1.42545247e-01
4.69432057e+00 1.34614962e-01
4.80128493e+00 1.27118703e-01
4.91068657e+00 1.20033181e-01
5.02258102e+00 1.13336328e-01
5.13702509e+00 1.07007233e-01
5.25407688e+00 1.01026085e-01
5.37379579e+00 9.53741145e-02
5.49624261e+00 9.00335422e-02
5.62147949e+00 8.49875271e-02
5.74957001e+00 8.02201192e-02
5.88057918e+00 7.57162126e-02
6.01457352e+00 7.14615006e-02
6.15162104e+00 6.74424330e-02
6.29179132e+00 6.36461808e-02
6.43515550e+00 6.00605997e-02
6.58178636e+00 5.66741937e-02
6.73175834e+00 5.34760822e-02
6.88514757e+00 5.04559669e-02
7.04203191e+00 4.76041022e-02
7.20249100e+00 4.49112655e-02
7.36660630e+00 4.23687303e-02
7.53446112e+00 3.99682393e-02
7.70614066e+00 3.77019801e-02
7.88173208e+00 3.55625621e-02
8.06132450e+00 3.35429943e-02
8.24500910e+00 3.16366638e-02
8.43287912e+00 2.98373166e-02
8.62502993e+00 2.81390376e-02
8.82155908e+00 2.65362332e-02
9.02256631e+00 2.50236140e-02
9.22815368e+00 2.35961785e-02
9.43842554e+00 2.22491972e-02
9.65348864e+00 2.09781986e-02
9.87345215e+00 1.97789555e-02
1.00984277e+01 1.86474723e-02
1.03285296e+01 1.75799722e-02
1.05638745e+01 1.65728859e-02
1.08045820e+01 1.56228396e-02
1.10507742e+01 1.47266455e-02
1.13025761e+01 1.38812909e-02
1.15601156e+01 1.30839290e-02
1.18235233e+01 1.23318700e-02
1.20929330e+01 1.16225722e-02
1.23684815e+01 1.09536349e-02
1.26503086e+01 1.03227897e-02
1.29385574e+01 9.72789435e-03
1.32333741e+01 9.16692507e-03
1.35349086e+01 8.63797050e-03
1.38433138e+01 8.13922545e-03
1.41587463e+01 7.66898511e-03
1.44813662e+01 7.22563942e-03
1.48113372e+01 6.80766784e-03
1.51488270e+01 6.41363466e-03
1.54940068e+01 6.04218436e-03
1.58470518e+01 5.69203717e-03
1.62081413e+01 5.36198492e-03
1.65774585e+01 5.05088712e-03
1.69551910e+01 4.75766715e-03
1.73415304e+01 4.48130882e-03
1.77366729e+01 4.22085295e-03
1.81408191e+01 3.97539419e-03
1.85541742e+01 3.74407807e-03
1.89769479e+01 3.52609821e-03
1.94093549e+01 3.32069367e-03
1.98516146e+01 3.12714643e-03
2.03039517e+01 2.94477899e-03
2.07665957e+01 2.77295210e-03
2.12397814e+01 2.61106267e-03
2.17237492e+01 2.45854172e-03
2.22187445e+01 2.31485245e-03
2.27250188e+01 2.17948844e-03
2.32428290e+01 2.05197194e-03
2.37724380e+01 1.93185234e-03
2.43141145e+01 1.81870465e-03
2.48681337e+01 1.71212800e-03
2.54347767e+01 1.61174435e-03
2.60143312e+01 1.51719720e-03
2.66070914e+01 1.42815034e-03
2.72133582e+01 1.34428672e-03
2.78334392e+01 1.26530739e-03
2.84676494e+01 1.19093041e-03
2.91163107e+01 1.12088996e-03
2.97797523e+01 1.05493541e-03
3.04583110e+01 9.92830500e-04
3.11523313e+01 9.34352483e-04
3.18621654e+01 8.79291388e-04
3.25881738e+01 8.27449284e-04
3.33307249e+01 7.78639597e-04
3.40901958e+01 7.32686468e-04
3.48669719e+01 6.89424116e-04
3.56614475e+01 6.48696262e-04
3.64740260e+01 6.10355620e-04
3.73051198e+01 5.74263396e-04
3.81551508e+01 5.40288797e-04
3.90245506e+01 5.08308575e-04
3.99137604e+01 4.78206594e-04
4.08232317e+01 4.49873428e-04
4.17534261e+01 4.23205970e-04
4.27048159e+01 3.98107077e-04
4.36778839e+01 3.74485222e-04
4.46731241e+01 3.52254175e-04
4.56910419e+01 3.31332700e-04
4.67321538e+01 3.11644266e-04
4.77969883e+01 2.93116778e-04
4.88860861e+01 2.75682322e-04
5.00000000e+01 2.59276923e-04
