5.00000000e-04 1.80958265e+03
5.11392954e-04 1.84891253e+03
5.23045507e-04 1.88907881e+03
5.34963574e-04 1.93009811e+03
5.47153205e-04 1.97198737e+03
5.59620588e-04 2.01476380e+03
5.72372051e-04 2.05844490e+03
5.85414068e-04 2.10304848e+03
5.98753260e-04 2.14859263e+03
6.12396397e-04 2.19509576e+03
6.26350405e-04 2.24257651e+03
6.40622368e-04 2.29105376e+03
6.55219530e-04 2.34054664e+03
6.70149302e-04 2.39107462e+03
6.85419263e-04 2.44265743e+03
7.01037164e-04 2.49531506e+03
7.17010932e-04 2.54906774e+03
7.33348678e-04 2.60393602e+03
7.50058693e-04 2.65994074e+03
7.67149462e-04 2.71710299e+03
7.84629659e-04 2.77544404e+03
8.02508159e-04 2.83498550e+03
8.20794036e-04 2.89574923e+03
8.39496574e-04 2.95775737e+03
8.58625266e-04 3.02103219e+03
8.78189822e-04 3.08559621e+03
8.98200175e-04 3.15147225e+03
9.18666482e-04 3.21868337e+03
9.39599132e-04 3.28725273e+03
9.61008752e-04 3.35720367e+03
9.82906209e-04 3.42855979e+03
1.00530262e-03 3.50134490e+03
1.02820935e-03 3.57558294e+03
1.05163804e-03 3.65129787e+03
1.07560057e-03 3.72851383e+03
1.10010910e-03 3.80725518e+03
1.12517609e-03 3.88754636e+03
1.15081425e-03 3.96941167e+03
1.17703659e-03 4.05287544e+03
1.20385644e-03 4.13796211e+03
1.23128740e-03 4.22469625e+03
1.25934341e-03 4.31310234e+03
1.28803869e-03 4.40320478e+03
1.31738782e-03 4.49502803e+03
1.34740570e-03 4.58859656e+03
1.37810756e-03 4.68393472e+03
1.40950899e-03 4.78106636e+03
1.44162594e-03 4.88001521e+03
1.47447469e-03 4.98080490e+03
1.50807194e-03 5.08345894e+03
1.54243473e-03 5.18800044e+03
1.57758050e-03 5.29445221e+03
1.61352711e-03 5.40283685e+03
1.65029279e-03 5.51317676e+03
1.68789621e-03 5.62549369e+03
1.72635646e-03 5.73980860e+03
1.76569306e-03 5.85614199e+03
1.80592598e-03 5.97451397e+03
1.84707564e-03 6.09494415e+03
1.88916294e-03 6.21745116e+03
1.93220923e-03 6.34205299e+03
1.97623638e-03 6.46876701e+03
2.02126672e-03 6.59760997e+03
2.06732311e-03 6.72859750e+03
2.11442895e-03 6.86174408e+03
2.16260813e-03 6.99706336e+03
2.21188512e-03 7.13456815e+03
2.26228494e-03 7.27427023e+03
2.31383315e-03 7.41618000e+03
2.36655594e-03 7.56030680e+03
2.42048007e-03 7.70665889e+03
2.47563291e-03 7.85524332e+03
2.53204245e-03 8.00606515e+03
2.58973734e-03 8.15912775e+03
2.64874686e-03 8.31443309e+03
2.70910096e-03 8.47198175e+03
2.77083029e-03 8.63177256e+03
2.83396617e-03 8.79380246e+03
2.89854067e-03 8.95806674e+03
2.96458655e-03 9.12455898e+03
3.03213734e-03 9.29327078e+03
3.10122735e-03 9.46419081e+03
3.17189163e-03 9.63730539e+03
3.24416606e-03 9.81259885e+03
3.31808733e-03 9.99005335e+03
3.39369297e-03 1.01696483e+04
3.47102134e-03 1.03513604e+04
3.55011172e-03 1.05351638e+04
3.63100424e-03 1.07210304e+04
3.71373997e-03 1.09089290e+04
3.79836091e-03 1.10988242e+04
3.88491001e-03 1.12906778e+04
3.97343121e-03 1.14844489e+04
4.06396945e-03 1.16800931e+04
4.15657069e-03 1.18775623e+04
4.25128193e-03 1.20768044e+04
4.34815125e-03 1.22777640e+04
4.44722782e-03 1.24803826e+04
4.54856195e-03 1.26845979e+04
4.65220506e-03 1.28903434e+04
4.75820978e-03 1.30975490e+04
4.86662991e-03 1.33061411e+04
4.97752050e-03 1.35160410e+04
5.09093782e-03 1.37271588e+04
5.20693947e-03 1.39393983e+04
5.32558431e-03 1.41526588e+04
5.44693259e-03 1.43668361e+04
5.57104589e-03 1.45818334e+04
5.69798724e-03 1.47975611e+04
5.82782105e-03 1.50139267e+04
5.96061325e-03 1.52308346e+04
6.09643123e-03 1.54481692e+04
6.23534396e-03 1.56657665e+04
6.37742193e-03 1.58834494e+04
6.52273729e-03 1.61010337e+04
6.67136378e-03 1.63183321e+04
6.82337686e-03 1.65351778e+04
6.97885370e-03 1.67514132e+04
7.13787322e-03 1.69668763e+04
7.30051615e-03 1.71814015e+04
7.46686504e-03 1.73948160e+04
7.63700434e-03 1.76069390e+04
7.81102042e-03 1.78175853e+04
7.98900162e-03 1.80265659e+04
8.17103828e-03 1.82336836e+04
8.35722281e-03 1.84387174e+04
8.54764972e-03 1.86414365e+04
8.74241568e-03 1.88416053e+04
8.94161957e-03 1.90389838e+04
9.14536249e-03 1.92333192e+04
9.35374788e-03 1.94243470e+04
9.56688152e-03 1.96117987e+04
9.78487161e-03 1.97954022e+04
1.00078288e-02 1.99748789e+04
1.02358663e-02 2.01499385e+04
1.04690998e-02 2.03202867e+04
1.07076477e-02 2.04856272e+04
1.09516312e-02 2.06456608e+04
1.12011741e-02 2.08000756e+04
1.14564030e-02 2.09485530e+04
1.17174475e-02 2.10907741e+04
1.19844402e-02 2.12264208e+04
1.22575166e-02 2.13551630e+04
1.25368152e-02 2.14766540e+04
1.28224780e-02 2.15905481e+04
1.31146498e-02 2.16965027e+04
1.34134790e-02 2.17941766e+04
1.37191173e-02 2.18832185e+04
1.40317198e-02 2.19632791e+04
1.43514453e-02 2.20340166e+04
1.46784560e-02 2.20950969e+04
1.50129180e-02 2.21461788e+04
1.53550010e-02 2.21869183e+04
1.57048786e-02 2.22169832e+04
1.60627285e-02 2.22360549e+04
1.64287324e-02 2.22438252e+04
1.68030760e-02 2.22399904e+04
1.71859493e-02 2.22242631e+04
1.75775468e-02 2.21963757e+04
1.79780672e-02 2.21560810e+04
1.83877138e-02 2.21031497e+04
1.88066945e-02 2.20373745e+04
1.92352221e-02 2.19585735e+04
1.96735141e-02 2.18665923e+04
2.01217930e-02 2.17613131e+04
2.05802864e-02 2.16426599e+04
2.10492269e-02 2.15105876e+04
2.15288526e-02 2.13650823e+04
2.20194071e-02 2.12061727e+04
2.25211393e-02 2.10339645e+04
2.30343039e-02 2.08486068e+04
2.35591614e-02 2.06502799e+04
2.40959783e-02 2.04391994e+04
2.46450271e-02 2.02156837e+04
2.52065864e-02 1.99801367e+04
2.57809414e-02 1.97329872e+04
2.63683836e-02 1.94746860e+04
2.69692111e-02 1.92057629e+04
2.75837291e-02 1.89269017e+04
2.82122494e-02 1.86388108e+04
2.88550911e-02 1.83422007e+04
2.95125806e-02 1.80378064e+04
3.01850516e-02 1.77265594e+04
3.08728454e-02 1.74094637e+04
3.15763112e-02 1.70874922e+04
3.22958061e-02 1.67615865e+04
3.30316954e-02 1.64327854e+04
3.37843526e-02 1.61022585e+04
3.45541598e-02 1.57711223e+04
3.53415077e-02 1.54404247e+04
3.61467960e-02 1.51112226e+04
3.69704336e-02 1.47848227e+04
3.78128385e-02 1.44625131e+04
3.86744384e-02 1.41454742e+04
3.95556706e-02 1.38347716e+04
4.04569825e-02 1.35312046e+04
4.13788316e-02 1.32353610e+04
4.23216859e-02 1.29477632e+04
4.32860239e-02 1.26688771e+04
4.42723353e-02 1.23993662e+04
4.52811207e-02 1.21404008e+04
4.63128921e-02 1.18931217e+04
4.73681735e-02 1.16585658e+04
4.84475003e-02 1.14373534e+04
4.95514206e-02 1.12285704e+04
5.06804947e-02 1.10309452e+04
5.18352959e-02 1.08432916e+04
5.30164102e-02 1.06644926e+04
5.42244372e-02 1.04934773e+04
5.54599903e-02 1.03292353e+04
5.67236965e-02 1.01708011e+04
5.80161975e-02 1.00169934e+04
5.93381492e-02 9.86645632e+03
6.06902229e-02 9.71790028e+03
6.20731047e-02 9.56984310e+03
6.34874968e-02 9.42037772e+03
6.49341171e-02 9.26766072e+03
6.64136999e-02 9.10971872e+03
6.79269964e-02 8.94414043e+03
6.94747747e-02 8.76865426e+03
7.10578206e-02 8.58152891e+03
7.26769376e-02 8.38173943e+03
7.43329476e-02 8.16858638e+03
7.60266913e-02 7.94233659e+03
7.77590285e-02 7.70392417e+03
7.95308386e-02 7.45474566e+03
8.13430210e-02 7.19726739e+03
8.31964957e-02 6.93407501e+03
8.50922034e-02 6.66814728e+03
8.70311065e-02 6.40251239e+03
8.90141894e-02 6.14017415e+03
9.10424585e-02 5.88411978e+03
9.31169436e-02 5.63722637e+03
9.52386978e-02 5.40249100e+03
9.74087980e-02 5.18246180e+03
9.96283460e-02 4.97943109e+03
1.01898468e-01 4.79538909e+03
1.04220317e-01 4.63140474e+03
1.06595072e-01 4.48737437e+03
1.09023938e-01 4.36264314e+03
1.11508147e-01 4.25471471e+03
1.14048962e-01 4.16070067e+03
1.16647671e-01 4.07658251e+03
1.19305594e-01 3.99802284e+03
1.22024080e-01 3.92053661e+03
1.24804510e-01 3.83975868e+03
1.27648294e-01 3.75199054e+03
1.30556876e-01 3.65423671e+03
1.33531733e-01 3.54490783e+03
1.36574375e-01 3.42352295e+03
1.39686346e-01 3.29118712e+03
1.42869226e-01 3.15003381e+03
1.46124632e-01 3.00327379e+03
1.49454214e-01 2.85499022e+03
1.52859664e-01 2.70977864e+03
1.56342710e-01 2.57268916e+03
1.59905121e-01 2.44811510e+03
1.63548704e-01 2.33927626e+03
1.67275310e-01 2.24711078e+03
1.71086830e-01 2.17048565e+03
1.74985199e-01 2.10655673e+03
1.78972396e-01 2.05160493e+03
1.83050444e-01 2.00151774e+03
1.87221415e-01 1.95190763e+03
1.91487425e-01 1.89837349e+03
1.95850640e-01 1.83737693e+03
2.00313274e-01 1.76748717e+03
2.04877594e-01 1.68982669e+03
2.09545916e-01 1.60753665e+03
2.14320611e-01 1.52470539e+03
2.19204100e-01 1.44548849e+03
2.24198865e-01 1.37349947e+03
2.29307440e-01 1.31108124e+03
2.34532418e-01 1.25868281e+03
2.39876452e-01 1.21485506e+03
2.45342255e-01 1.17673118e+03
2.50932601e-01 1.14058373e+03
2.56650328e-01 1.10268120e+03
2.62498339e-01 1.06065299e+03
2.68479602e-01 1.01442396e+03
2.74597154e-01 9.65748613e+02
2.80854100e-01 9.17141090e+02
2.87253615e-01 8.71299635e+02
2.93798950e-01 8.30483681e+02
3.00493426e-01 7.95414209e+02
3.07340441e-01 7.64881777e+02
3.14343473e-01 7.36687359e+02
3.21506074e-01 7.08696409e+02
3.28831882e-01 6.79392429e+02
3.36324615e-01 6.48479167e+02
3.43988077e-01 6.17136326e+02
3.51826158e-01 5.87150829e+02
3.59842837e-01 5.59729167e+02
3.68042182e-01 5.35163170e+02
3.76428358e-01 5.12885052e+02
3.85005620e-01 4.91641103e+02
3.93778323e-01 4.70327387e+02
4.02750919e-01 4.48737189e+02
4.11927965e-01 4.27397098e+02
4.21314118e-01 4.07062880e+02
4.30914143e-01 3.88294467e+02
4.40732913e-01 3.70976498e+02
4.50775413e-01 3.54538453e+02
4.61046740e-01 3.38512228e+02
4.71552109e-01 3.22680674e+02
4.82296852e-01 3.07354004e+02
4.93286424e-01 2.92850994e+02
5.04526403e-01 2.79251541e+02
5.16022495e-01 2.66395372e+02
5.27780537e-01 2.53988897e+02
5.39806495e-01 2.41973004e+02
5.52106477e-01 2.30418202e+02
5.64686724e-01 2.19467064e+02
5.77553624e-01 2.09084047e+02
5.90713708e-01 1.99179428e+02
6.04173657e-01 1.89651938e+02
6.17940302e-01 1.80528999e+02
6.32020633e-01 1.71832458e+02
6.46421798e-01 1.63566384e+02
6.61151105e-01 1.55684505e+02
6.76216034e-01 1.48155919e+02
6.91624231e-01 1.40966847e+02
7.07383517e-01 1.34104380e+02
7.23501893e-01 1.27555905e+02
7.39987541e-01 1.21309116e+02
7.56848829e-01 1.15352019e+02
7.74094317e-01 1.09672941e+02
7.91732759e-01 1.04260533e+02
8.09773109e-01 9.91037724e+01
8.28224525e-01 9.41918215e+01
8.47096373e-01 8.95136635e+01
8.66398234e-01 8.50586166e+01
8.86139904e-01 8.08164677e+01
9.06331407e-01 7.67774529e+01
9.26982991e-01 7.29322380e+01
9.48105141e-01 6.92719009e+01
9.69708578e-01 6.57879138e+01
9.91804268e-01 6.24721262e+01
1.01440343e+00 5.93167497e+01
1.03751753e+00 5.63143833e+01
1.06115831e+00 5.34580236e+01
1.08533777e+00 5.07409696e+01
1.11006818e+00 4.81568023e+01
1.13536209e+00 4.56993744e+01
1.16123234e+00 4.33628004e+01
1.18769208e+00 4.11414466e+01
1.21475472e+00 3.90299221e+01
1.24243401e+00 3.70230692e+01
1.27074400e+00 3.51159539e+01
1.29969905e+00 3.33038445e+01
1.32931388e+00 3.15822070e+01
1.35960350e+00 2.99467113e+01
1.39058330e+00 2.83932234e+01
1.42226901e+00 2.69177973e+01
1.45467670e+00 2.55166666e+01
1.48782283e+00 2.41862376e+01
1.52172422e+00 2.29230813e+01
1.55639809e+00 2.17239266e+01
1.59186203e+00 2.05856537e+01
1.62813406e+00 1.95052884e+01
1.66523257e+00 1.84799946e+01
1.70317641e+00 1.75070688e+01
1.74198483e+00 1.65839336e+01
1.78167754e+00 1.57081324e+01
1.82227468e+00 1.48773241e+01
1.86379686e+00 1.40892782e+01
1.90626516e+00 1.33418697e+01
1.94970115e+00 1.26330743e+01
1.99412686e+00 1.19609640e+01
2.03956485e+00 1.13237022e+01
2.08603819e+00 1.07195400e+01
2.13357046e+00 1.01468130e+01
2.18218581e+00 9.60393664e+00
2.23190889e+00 9.08940345e+00
2.28276496e+00 8.60177887e+00
2.33477984e+00 8.13969818e+00
2.38797992e+00 7.70186318e+00
2.44239221e+00 7.28703914e+00
2.49804433e+00 6.89405158e+00
2.55496454e+00 6.52178329e+00
2.61318173e+00 6.16917217e+00
2.67272545e+00 5.83520868e+00
2.73362593e+00 5.51893337e+00
2.79591407e+00 5.21943446e+00
2.85962152e+00 4.93584564e+00
2.92478059e+00 4.66734382e+00
2.99142437e+00 4.41314714e+00
3.05958669e+00 4.17251292e+00
3.12930216e+00 3.94473575e+00
3.20060615e+00 3.72914570e+00
3.27353487e+00 3.52510668e+00
3.34812533e+00 3.33201478e+00
3.42441541e+00 3.14929673e+00
3.50244383e+00 2.97640839e+00
3.58225019e+00 2.81283333e+00
3.66387501e+00 2.65808145e+00
3.74735973e+00 2.51168772e+00
3.83274673e+00 2.37321091e+00
3.92007935e+00 2.24223227e+00
4.00940191e+00 2.11835452e+00
4.10075978e+00 2.00120092e+00
4.19419932e+00 1.89041417e+00
4.28976796e+00 1.78565549e+00
4.38751422e+00 1.68660367e+00
4.48748771e+00 1.59295417e+00
4.58973920e+00 1.50441833e+00
4.69432057e+00 1.42072251e+00
4.80128493e+00 1.34160737e+00
4.91068657e+00 1.26682712e+00
5.02258102e+00 1.19614886e+00
5.13702509e+00 1.12935189e+00
5.25407688e+00 1.06622713e+00
5.37379579e+00 1.00657648e+00
5.49624261e+00 9.50212317e-01
5.62147949e+00 8.96956891e-01
5.74957001e+00 8.46641867e-01
5.88057918e+00 7.99107822e-01
6.01457352e+00 7.54203762e-01
6.15162104e+00 7.11786682e-01
6.29179132e+00 6.71721186e-01
6.43515550e+00 6.33879103e-01
6.58178636e+00 5.98139108e-01
6.73175834e+00 5.64386366e-01
6.88514757e+00 5.32512191e-01
7.04203191e+00 5.02413727e-01
7.20249100e+00 4.73993641e-01
7.36660630e+00 4.47159833e-01
7.53446112e+00 4.21825155e-01
7.70614066e+00 3.97907155e-01
7.88173208e+00 3.75327830e-01
8.06132450e+00 3.54013398e-01
8.24500910e+00 3.33894067e-01
8.43287912e+00 3.14903830e-01
8.62502993e+00 2.96980259e-01
8.82155908e+00 2.80064321e-01
9.02256631e+00 2.64100191e-01
9.22815368e+00 2.49035082e-01
9.43842554e+00 2.34819082e-01
9.65348864e+00 2.21404997e-01
9.87345215e+00 2.08748216e-01
1.00984277e+01 1.96806569e-01
1.03285296e+01 1.85540197e-01
1.05638745e+01 1.74911429e-01
1.08045820e+01 1.64884660e-01
1.10507742e+01 1.55426244e-01
1.13025761e+01 1.46504386e-01
1.15601156e+01 1.38089043e-01
1.18235233e+01 1.30151824e-01
1.20929330e+01 1.22665906e-01
1.23684815e+01 1.15605950e-01
1.26503086e+01 1.08948019e-01
1.29385574e+01 1.02669499e-01
1.32333741e+01 9.67490346e-02
1.35349086e+01 9.11664516e-02
1.38433138e+01 8.59026986e-02
1.41587463e+01 8.09397829e-02
1.44813662e+01 7.62607122e-02
1.48113372e+01 7.18494387e-02
1.51488270e+01 6.76908101e-02
1.54940068e+01 6.37705202e-02
1.58470518e+01 6.00750627e-02
1.62081413e+01 5.65916865e-02
1.65774585e+01 5.33083547e-02
1.69551910e+01 5.02137051e-02
1.73415304e+01 4.72970126e-02
1.77366729e+01 4.45481541e-02
1.81408191e+01 4.19575747e-02
1.85541742e+01 3.95162561e-02
1.89769479e+01 3.72156878e-02
1.94093549e+01 3.50478390e-02
1.98516146e+01 3.30051317e-02
2.03039517e+01 3.10804154e-02
2.07665957e+01 2.92669437e-02
2.12397814e+01 2.75583515e-02
2.17237492e+01 2.59486337e-02
2.22187445e+01 2.44321251e-02
2.27250188e+01 2.30034809e-02
2.32428290e+01 2.16576591e-02
2.37724380e+01 2.03899041e-02
2.43141145e+01 1.91957303e-02
2.48681337e+01 1.80709074e-02
2.54347767e+01 1.70114454e-02
2.60143312e+01 1.60135817e-02
2.66070914e+01 1.50737680e-02
2.72133582e+01 1.41886584e-02
2.78334392e+01 1.33550976e-02
2.84676494e+01 1.25701099e-02
2.91163107e+01 1.18308901e-02
2.97797523e+01 1.11347929e-02
3.04583110e+01 1.04793248e-02
3.11523313e+01 9.86213492e-03
3.18621654e+01 9.28100728e-03
3.25881738e+01 8.73385289e-03
3.33307249e+01 8.21870263e-03
3.40901958e+01 7.73370048e-03
3.48669719e+01 7.27709680e-03
3.56614475e+01 6.84724225e-03
3.64740260e+01 6.44258242e-03
3.73051198e+01 6.06165250e-03
3.81551508e+01 5.70307209e-03
3.90245506e+01 5.36554046e-03
3.99137604e+01 5.04783192e-03
4.08232317e+01 4.74879157e-03
4.17534261e+01 4.46733123e-03
4.27048159e+01 4.20242562e-03
4.36778839e+01 3.95310878e-03
4.46731241e+01 3.71847063e-03
4.56910419e+01 3.49765379e-03
4.67321538e+01 3.28985053e-03
4.77969883e+01 3.09429997e-03
4.88860861e+01 2.91028532e-03
5.00000000e+01 2.73713139e-03
