5.00000000e-04 5.45397561e+01
5.11392954e-04 5.57289456e+01
5.23045507e-04 5.69436316e+01
5.34963574e-04 5.81843323e+01
5.47153205e-04 5.94515752e+01
5.59620588e-04 6.07458972e+01
5.72372051e-04 6.20678413e+01
5.85414068e-04 6.34179586e+01
5.98753260e-04 6.47968094e+01
6.12396397e-04 6.62049640e+01
6.26350405e-04 6.76430006e+01
6.40622368e-04 6.91115053e+01
6.55219530e-04 7.06110735e+01
6.70149302e-04 7.21423105e+01
6.85419263e-04 7.37058304e+01
7.01037164e-04 7.53022532e+01
7.17010932e-04 7.69322071e+01
7.33348678e-04 7.85963300e+01
7.50058693e-04 8.02952691e+01
7.67149462e-04 8.20296768e+01
7.84629659e-04 8.38002110e+01
8.02508159e-04 8.56075383e+01
8.20794036e-04 8.74523344e+01
8.39496574e-04 8.93352819e+01
8.58625266e-04 9.12570669e+01
8.78189822e-04 9.32183830e+01
8.98200175e-04 9.52199318e+01
9.18666482e-04 9.72624227e+01
9.39599132e-04 9.93465663e+01
9.61008752e-04 1.01473077e+02
9.82906209e-04 1.03642678e+02
1.00530262e-03 1.05856096e+02
1.02820935e-03 1.08114062e+02
1.05163804e-03 1.10417305e+02
1.07560057e-03 1.12766560e+02
1.10010910e-03 1.15162564e+02
1.12517609e-03 1.17606061e+02
1.15081425e-03 1.20097790e+02
1.17703659e-03 1.22638491e+02
1.20385644e-03 1.25228909e+02
1.23128740e-03 1.27869790e+02
1.25934341e-03 1.30561873e+02
1.28803869e-03 1.33305890e+02
1.31738782e-03 1.36102575e+02
1.34740570e-03 1.38952658e+02
1.37810756e-03 1.41856868e+02
1.40950899e-03 1.44815927e+02
1.44162594e-03 1.47830555e+02
1.47447469e-03 1.50901467e+02
1.50807194e-03 1.54029372e+02
1.54243473e-03 1.57214967e+02
1.57758050e-03 1.60458931e+02
1.61352711e-03 1.63761939e+02
1.65029279e-03 1.67124655e+02
1.68789621e-03 1.70547735e+02
1.72635646e-03 1.74031819e+02
1.76569306e-03 1.77577534e+02
1.80592598e-03 1.81185498e+02
1.84707564e-03 1.84856311e+02
1.88916294e-03 1.88590549e+02
1.93220923e-03 1.92388768e+02
1.97623638e-03 1.96251505e+02
2.02126672e-03 2.00179280e+02
2.06732311e-03 2.04172585e+02
2.11442895e-03 2.08231879e+02
2.16260813e-03 2.12357601e+02
2.21188512e-03 2.16550164e+02
2.26228494e-03 2.20809947e+02
2.31383315e-03 2.25137289e+02
2.36655594e-03 2.29532495e+02
2.42048007e-03 2.33995836e+02
2.47563291e-03 2.38527549e+02
2.53204245e-03 2.43127813e+02
2.58973734e-03 2.47796752e+02
2.64874686e-03 2.52534453e+02
2.70910096e-03 2.57340957e+02
2.77083029e-03 2.62216248e+02
2.83396617e-03 2.67160236e+02
2.89854067e-03 2.72172783e+02
2.96458655e-03 2.77253694e+02
3.03213734e-03 2.82402717e+02
3.10122735e-03 2.87619508e+02
3.17189163e-03 2.92903654e+02
3.24416606e-03 2.98254678e+02
3.31808733e-03 3.03672038e+02
3.39369297e-03 3.09155103e+02
3.47102134e-03 3.14703153e+02
3.55011172e-03 3.20315397e+02
3.63100424e-03 3.25990965e+02
3.71373997e-03 3.31728902e+02
3.79836091e-03 3.37528153e+02
3.88491001e-03 3.43387573e+02
3.97343121e-03 3.49305935e+02
4.06396945e-03 3.55281917e+02
4.15657069e-03 3.61314061e+02
4.25128193e-03 3.67400785e+02
4.34815125e-03 3.73540414e+02
4.44722782e-03 3.79731169e+02
4.54856195e-03 3.85971172e+02
4.65220506e-03 3.92258431e+02
4.75820978e-03 3.98590854e+02
4.86662991e-03 4.04966241e+02
4.97752050e-03 4.11382221e+02
5.09093782e-03 4.17835994e+02
5.20693947e-03 4.24324541e+02
5.32558431e-03 4.30844702e+02
5.44693259e-03 4.37393211e+02
5.57104589e-03 4.43967289e+02
5.69798724e-03 4.50564600e+02
5.82782105e-03 4.57182759e+02
5.96061325e-03 4.63819312e+02
6.09643123e-03 4.70470970e+02
6.23534396e-03 4.77132374e+02
6.37742193e-03 4.83797636e+02
6.52273729e-03 4.90460637e+02
6.67136378e-03 4.97115178e+02
6.82337686e-03 5.03756214e+02
6.97885370e-03 5.10379248e+02
7.13787322e-03 5.16979683e+02
7.30051615e-03 5.23552806e+02
7.46686504e-03 5.30093514e+02
7.63700434e-03 5.36596167e+02
7.81102042e-03 5.43054959e+02
7.98900162e-03 5.49463958e+02
8.17103828e-03 5.55816992e+02
8.35722281e-03 5.62107238e+02
8.54764972e-03 5.68327580e+02
8.74241568e-03 5.74470768e+02
8.94161957e-03 5.80529404e+02
9.14536249e-03 5.86495749e+02
9.35374788e-03 5.92361747e+02
9.56688152e-03 5.98119219e+02
9.78487161e-03 6.03759882e+02
1.00078288e-02 6.09275252e+02
1.02358663e-02 6.14656491e+02
1.04690998e-02 6.19894642e+02
1.07076477e-02 6.24980689e+02
1.09516312e-02 6.29905518e+02
1.12011741e-02 6.34659577e+02
1.14564030e-02 6.39233083e+02
1.17174475e-02 6.43616250e+02
1.19844402e-02 6.47799298e+02
1.22575166e-02 6.51772069e+02
1.25368152e-02 6.55523856e+02
1.28224780e-02 6.59043980e+02
1.31146498e-02 6.62321856e+02
1.34134790e-02 6.65346944e+02
1.37191173e-02 6.68108468e+02
1.40317198e-02 6.70595728e+02
1.43514453e-02 6.72798251e+02
1.46784560e-02 6.74705793e+02
1.50129180e-02 6.76307906e+02
1.53550010e-02 6.77594056e+02
1.57048786e-02 6.78554067e+02
1.60627285e-02 6.79178177e+02
1.64287324e-02 6.79456910e+02
1.68030760e-02 6.79380867e+02
1.71859493e-02 6.78941134e+02
1.75775468e-02 6.78129398e+02
1.79780672e-02 6.76937979e+02
1.83877138e-02 6.75359815e+02
1.88066945e-02 6.73388542e+02
1.92352221e-02 6.71018583e+02
1.96735141e-02 6.68245185e+02
2.01217930e-02 6.65064701e+02
2.05802864e-02 6.61474707e+02
2.10492269e-02 6.57473731e+02
2.15288526e-02 6.53061256e+02
2.20194071e-02 6.48238074e+02
2.25211393e-02 6.43007373e+02
2.30343039e-02 6.37373679e+02
2.35591614e-02 6.31342473e+02
2.40959783e-02 6.24920321e+02
2.46450271e-02 6.18116902e+02
2.52065864e-02 6.10944494e+02
2.57809414e-02 6.03416143e+02
2.63683836e-02 5.95545574e+02
2.69692111e-02 5.87348949e+02
2.75837291e-02 5.78847162e+02
2.82122494e-02 5.70061887e+02
2.88550911e-02 5.61014847e+02
2.95125806e-02 5.51728529e+02
3.01850516e-02 5.42231412e+02
3.08728454e-02 5.32554196e+02
3.15763112e-02 5.22726634e+02
3.22958061e-02 5.12777525e+02
3.30316954e-02 5.02738650e+02
3.37843526e-02 4.92645813e+02
3.45541598e-02 4.82533186e+02
3.53415077e-02 4.72432851e+02
3.61467960e-02 4.62377180e+02
3.69704336e-02 4.52406181e+02
3.78128385e-02 4.42559306e+02
3.86744384e-02 4.32872708e+02
3.95556706e-02 4.23379038e+02
4.04569825e-02 4.14102803e+02
4.13788316e-02 4.05062045e+02
4.23216859e-02 3.96272797e+02
4.32860239e-02 3.87749367e+02
4.42723353e-02 3.79512114e+02
4.52811207e-02 3.71596889e+02
4.63128921e-02 3.64038655e+02
4.73681735e-02 3.56869192e+02
4.84475003e-02 3.50107532e+02
4.95514206e-02 3.43725749e+02
5.06804947e-02 3.37684964e+02
5.18352959e-02 3.31948912e+02
5.30164102e-02 3.26483435e+02
5.42244372e-02 3.21255785e+02
5.54599903e-02 3.16235057e+02
5.67236965e-02 3.11391718e+02
5.80161975e-02 3.06689629e+02
5.93381492e-02 3.02087296e+02
6.06902229e-02 2.97545261e+02
6.20731047e-02 2.93018152e+02
6.34874968e-02 2.88447571e+02
6.49341171e-02 2.83777063e+02
6.64136999e-02 2.78946202e+02
6.79269964e-02 2.73881171e+02
6.94747747e-02 2.68512430e+02
7.10578206e-02 2.62786966e+02
7.26769376e-02 2.56673382e+02
7.43329476e-02 2.50150243e+02
7.60266913e-02 2.43225703e+02
7.77590285e-02 2.35928345e+02
7.95308386e-02 2.28300928e+02
8.13430210e-02 2.20418993e+02
8.31964957e-02 2.12361740e+02
8.50922034e-02 2.04220392e+02
8.70311065e-02 1.96087679e+02
8.90141894e-02 1.88055616e+02
9.10424585e-02 1.80215735e+02
9.31169436e-02 1.72656185e+02
9.52386978e-02 1.65468769e+02
9.74087980e-02 1.58731543e+02
9.96283460e-02 1.52514736e+02
1.01898468e-01 1.46879331e+02
1.04220317e-01 1.41858101e+02
1.06595072e-01 1.37447912e+02
1.09023938e-01 1.33628742e+02
1.11508147e-01 1.30324133e+02
1.14048962e-01 1.27445612e+02
1.16647671e-01 1.24870116e+02
1.19305594e-01 1.22464818e+02
1.22024080e-01 1.20092336e+02
1.24804510e-01 1.17618945e+02
1.27648294e-01 1.14931355e+02
1.30556876e-01 1.11937817e+02
1.33531733e-01 1.08589639e+02
1.36574375e-01 1.04872080e+02
1.39686346e-01 1.00818974e+02
1.42869226e-01 9.64956693e+01
1.46124632e-01 9.20005322e+01
1.49454214e-01 8.74586542e+01
1.52859664e-01 8.30108188e+01
1.56342710e-01 7.88117263e+01
1.59905121e-01 7.49959578e+01
1.63548704e-01 7.16621537e+01
1.67275310e-01 6.88390877e+01
1.71086830e-01 6.64920561e+01
1.74985199e-01 6.45339136e+01
1.78972396e-01 6.28507660e+01
1.83050444e-01 6.13166296e+01
1.87221415e-01 5.97970805e+01
1.91487425e-01 5.81573001e+01
1.95850640e-01 5.62888822e+01
2.00313274e-01 5.41479907e+01
2.04877594e-01 5.17690162e+01
2.09545916e-01 4.92481903e+01
2.14320611e-01 4.67107575e+01
2.19204100e-01 4.42840273e+01
2.24198865e-01 4.20787077e+01
2.29307440e-01 4.01665867e+01
2.34532418e-01 3.85614115e+01
2.39876452e-01 3.72188050e+01
2.45342255e-01 3.60509115e+01
2.50932601e-01 3.49435810e+01
2.56650328e-01 3.37824649e+01
2.62498339e-01 3.24949478e+01
2.68479602e-01 3.10787176e+01
2.74597154e-01 2.95875247e+01
2.80854100e-01 2.80984054e+01
2.87253615e-01 2.66940211e+01
2.93798950e-01 2.54436015e+01
3.00493426e-01 2.43692228e+01
3.07340441e-01 2.34338418e+01
3.14343473e-01 2.25700817e+01
3.21506074e-01 2.17125538e+01
3.28831882e-01 2.08147904e+01
3.36324615e-01 1.98677254e+01
3.43988077e-01 1.89074896e+01
3.51826158e-01 1.79888405e+01
3.59842837e-01 1.71487338e+01
3.68042182e-01 1.63961143e+01
3.76428358e-01 1.57135865e+01
3.85005620e-01 1.50627416e+01
3.93778323e-01 1.44097531e+01
4.02750919e-01 1.37482995e+01
4.11927965e-01 1.30945013e+01
4.21314118e-01 1.24715199e+01
4.30914143e-01 1.18965098e+01
4.40732913e-01 1.13659329e+01
4.50775413e-01 1.08623177e+01
4.61046740e-01 1.03713165e+01
4.71552109e-01 9.88628084e+00
4.82296852e-01 9.41671005e+00
4.93286424e-01 8.97237539e+00
5.04526403e-01 8.55572084e+00
5.16022495e-01 8.16183958e+00
5.27780537e-01 7.78173376e+00
5.39806495e-01 7.41359508e+00
5.52106477e-01 7.05958337e+00
5.64686724e-01 6.72406463e+00
5.77553624e-01 6.40595236e+00
5.90713708e-01 6.10249702e+00
6.04173657e-01 5.81059362e+00
6.17940302e-01 5.53108741e+00
6.32020633e-01 5.26464194e+00
6.46421798e-01 5.01138736e+00
6.61151105e-01 4.76990388e+00
6.76216034e-01 4.53924386e+00
6.91624231e-01 4.31898529e+00
7.07383517e-01 4.10873276e+00
7.23501893e-01 3.90809995e+00
7.39987541e-01 3.71670993e+00
7.56848829e-01 3.53419533e+00
7.74094317e-01 3.36019857e+00
7.91732759e-01 3.19437198e+00
8.09773109e-01 3.03637792e+00
8.28224525e-01 2.88588438e+00
8.47096373e-01 2.74255383e+00
8.66398234e-01 2.60605900e+00
8.86139904e-01 2.47608696e+00
9.06331407e-01 2.35233857e+00
9.26982991e-01 2.23452785e+00
9.48105141e-01 2.12238143e+00
9.69708578e-01 2.01563805e+00
9.91804268e-01 1.91404798e+00
1.01440343e+00 1.81737260e+00
1.03751753e+00 1.72538516e+00
1.06115831e+00 1.63787109e+00
1.08533777e+00 1.55462509e+00
1.11006818e+00 1.47545048e+00
1.13536209e+00 1.40015893e+00
1.16123234e+00 1.32857011e+00
1.18769208e+00 1.26051143e+00
1.21475472e+00 1.19581772e+00
1.24243401e+00 1.13433094e+00
1.27074400e+00 1.07589995e+00
1.29969905e+00 1.02037976e+00
1.32931388e+00 9.67631467e-01
1.35960350e+00 9.17522410e-01
1.39058330e+00 8.69925933e-01
1.42226901e+00 8.24721135e-01
1.45467670e+00 7.81792629e-01
1.48782283e+00 7.41030305e-01
1.52172422e+00 7.02329107e-01
1.55639809e+00 6.65588818e-01
1.59186203e+00 6.30713853e-01
1.62813406e+00 5.97613083e-01
1.66523257e+00 5.66199623e-01
1.70317641e+00 5.36390636e-01
1.74198483e+00 5.08107154e-01
1.78167754e+00 4.81273913e-01
1.82227468e+00 4.55819188e-01
1.86379686e+00 4.31674637e-01
1.90626516e+00 4.08775153e-01
1.94970115e+00 3.87058717e-01
1.99412686e+00 3.66466259e-01
2.03956485e+00 3.46941503e-01
2.08603819e+00 3.28430871e-01
2.13357046e+00 3.10883362e-01
2.18218581e+00 2.94250435e-01
2.23190889e+00 2.78485898e-01
2.28276496e+00 2.63545800e-01
2.33477984e+00 2.49388329e-01
2.38797992e+00 2.35973708e-01
2.44239221e+00 2.23264109e-01
2.49804433e+00 2.11223546e-01
2.55496454e+00 1.99817790e-01
2.61318173e+00 1.89014300e-01
2.67272545e+00 1.78782146e-01
2.73362593e+00 1.69091932e-01
2.79591407e+00 1.59915721e-01
2.85962152e+00 1.51226972e-01
2.92478059e+00 1.43000467e-01
2.99142437e+00 1.35212249e-01
3.05958669e+00 1.27839566e-01
3.12930216e+00 1.20860804e-01
3.20060615e+00 1.14255437e-01
3.27353487e+00 1.08003977e-01
3.34812533e+00 1.02087921e-01
3.42441541e+00 9.64897042e-02
3.50244383e+00 9.11926554e-02
3.58225019e+00 8.61809517e-02
3.66387501e+00 8.14395777e-02
3.74735973e+00 7.69542852e-02
3.83274673e+00 7.27115554e-02
3.92007935e+00 6.86985586e-02
4.00940191e+00 6.49031231e-02
4.10075978e+00 6.13137056e-02
4.19419932e+00 5.79193595e-02
4.28976796e+00 5.47097047e-02
4.38751422e+00 5.16748999e-02
4.48748771e+00 4.88056147e-02
4.58973920e+00 4.60930046e-02
4.69432057e+00 4.35286859e-02
4.80128493e+00 4.11047127e-02
4.91068657e+00 3.88135546e-02
5.02258102e+00 3.66480756e-02
5.13702509e+00 3.46015140e-02
5.25407688e+00 3.26674637e-02
5.37379579e+00 3.08398556e-02
5.49624261e+00 2.91129405e-02
5.62147949e+00 2.74812730e-02
5.74957001e+00 2.59396952e-02
5.88057918e+00 2.44833228e-02
6.01457352e+00 2.31075296e-02
6.15162104e+00 2.18079338e-02
6.29179132e+00 2.05803871e-02
6.43515550e+00 1.94209626e-02
6.58178636e+00 1.83259430e-02
6.73175834e+00 1.72918098e-02
6.88514757e+00 1.63152331e-02
7.04203191e+00 1.53930615e-02
7.20249100e+00 1.45223129e-02
7.36660630e+00 1.37001653e-02
7.53446112e+00 1.29239489e-02
7.70614066e+00 1.21911373e-02
7.88173208e+00 1.14993408e-02
8.06132450e+00 1.08462988e-02
8.24500910e+00 1.02298729e-02
8.43287912e+00 9.64804091e-03
8.62502993e+00 9.09889008e-03
8.82155908e+00 8.58061169e-03
9.02256631e+00 8.09149539e-03
9.22815368e+00 7.62992391e-03
9.43842554e+00 7.19436792e-03
9.65348864e+00 6.78338150e-03
9.87345215e+00 6.39559781e-03
1.00984277e+01 6.02972482e-03
1.03285296e+01 5.68454131e-03
1.05638745e+01 5.35889302e-03
1.08045820e+01 5.05168913e-03
1.10507742e+01 4.76189875e-03
1.13025761e+01 4.48854773e-03
1.15601156e+01 4.23071557e-03
1.18235233e+01 3.98753242e-03
1.20929330e+01 3.75817649e-03
1.23684815e+01 3.54187138e-03
1.26503086e+01 3.33788369e-03
1.29385574e+01 3.14552062e-03
1.32333741e+01 2.96412780e-03
1.35349086e+01 2.79308717e-03
1.38433138e+01 2.63181500e-03
1.41587463e+01 2.47976005e-03
1.44813662e+01 2.33640166e-03
1.48113372e+01 2.20124819e-03
1.51488270e+01 2.07383537e-03
1.54940068e+01 1.95372488e-03
1.58470518e+01 1.84050292e-03
1.62081413e+01 1.73377880e-03
1.65774585e+01 1.63318375e-03
1.69551910e+01 1.53836962e-03
1.73415304e+01 1.44900784e-03
1.77366729e+01 1.36478824e-03
1.81408191e+01 1.28541807e-03
1.85541742e+01 1.21062102e-03
1.89769479e+01 1.14013635e-03
1.94093549e+01 1.07371800e-03
1.98516146e+01 1.01113378e-03
2.03039517e+01 9.52164637e-04
2.07665957e+01 8.96603853e-04
2.12397814e+01 8.44256413e-04
2.17237492e+01 7.94938333e-04
2.22187445e+01 7.48476040e-04
2.27250188e+01 7.04705772e-04
2.32428290e+01 6.63473050e-04
2.37724380e+01 6.24632164e-04
2.43141145e+01 5.88045685e-04
2.48681337e+01 5.53583995e-04
2.54347767e+01 5.21124852e-04
2.60143312e+01 4.90552975e-04
2.66070914e+01 4.61759649e-04
2.72133582e+01 4.34642360e-04
2.78334392e+01 4.09104434e-04
2.84676494e+01 3.85054707e-04
2.91163107e+01 3.62407221e-04
2.97797523e+01 3.41080936e-04
3.04583110e+01 3.20999453e-04
3.11523313e+01 3.02090745e-04
3.18621654e+01 2.84286919e-04
3.25881738e+01 2.67523971e-04
3.33307249e+01 2.51741572e-04
3.40901958e+01 2.36882856e-04
3.48669719e+01 2.22894219e-04
3.56614475e+01 2.09725123e-04
3.64740260e+01 1.97327942e-04
3.73051198e+01 1.85657796e-04
3.81551508e+01 1.74672392e-04
3.90245506e+01 1.64331875e-04
3.99137604e+01 1.54598694e-04
4.08232317e+01 1.45437465e-04
4.17534261e+01 1.36814847e-04
4.27048159e+01 1.28699429e-04
4.36778839e+01 1.21061616e-04
4.46731241e+01 1.13873524e-04
4.56910419e+01 1.07108888e-04
4.67321538e+01 1.00742959e-04
4.77969883e+01 9.47524257e-05
4.88860861e+01 8.91153286e-05
5.00000000e+01 8.38109815e-05
