5.00000000e-04 2.94195487e-01
5.11392954e-04 3.00644453e-01
5.23045507e-04 3.07233999e-01
5.34963574e-04 3.13967138e-01
5.47153205e-04 3.20846945e-01
5.59620588e-04 3.27876558e-01
5.72372051e-04 3.35059172e-01
5.85414068e-04 3.42398040e-01
5.98753260e-04 3.49896482e-01
6.12396397e-04 3.57557886e-01
6.26350405e-04 3.65385707e-01
6.40622368e-04 3.73383466e-01
6.55219530e-04 3.81554757e-01
6.70149302e-04 3.89903244e-01
6.85419263e-04 3.98432663e-01
7.01037164e-04 4.07146812e-01
7.17010932e-04 4.16049560e-01
7.33348678e-04 4.25144850e-01
7.50058693e-04 4.34436703e-01
7.67149462e-04 4.43929211e-01
7.84629659e-04 4.53626535e-01
8.02508159e-04 4.63532915e-01
8.20794036e-04 4.73652674e-01
8.39496574e-04 4.83990210e-01
8.58625266e-04 4.94549984e-01
8.78189822e-04 5.05336539e-01
8.98200175e-04 5.16354501e-01
9.18666482e-04 5.27608580e-01
9.39599132e-04 5.39103546e-01
9.61008752e-04 5.50844247e-01
9.82906209e-04 5.62835612e-01
1.00530262e-03 5.75082660e-01
1.02820935e-03 5.87590477e-01
1.05163804e-03 6.00364211e-01
1.07560057e-03 6.13409091e-01
1.10010910e-03 6.26730434e-01
1.12517609e-03 6.40333636e-01
1.15081425e-03 6.54224137e-01
1.17703659e-03 6.68407451e-01
1.20385644e-03 6.82889174e-01
1.23128740e-03 6.97674985e-01
1.25934341e-03 7.12770605e-01
1.28803869e-03 7.28181796e-01
1.31738782e-03 7.43914397e-01
1.34740570e-03 7.59974322e-01
1.37810756e-03 7.76367543e-01
1.40950899e-03 7.93100034e-01
1.44162594e-03 8.10177828e-01
1.47447469e-03 8.27607026e-01
1.50807194e-03 8.45393786e-01
1.54243473e-03 8.63544238e-01
1.57758050e-03 8.82064517e-01
1.61352711e-03 9.00960811e-01
1.65029279e-03 9.20239351e-01
1.68789621e-03 9.39906355e-01
1.72635646e-03 9.59967984e-01
1.76569306e-03 9.80430415e-01
1.80592598e-03 1.00129985e+00
1.84707564e-03 1.02258249e+00
1.88916294e-03 1.04428436e+00
1.93220923e-03 1.06641144e+00
1.97623638e-03 1.08896971e+00
2.02126672e-03 1.11196509e+00
2.06732311e-03 1.13540337e+00
2.11442895e-03 1.15929013e+00
2.16260813e-03 1.18363089e+00
2.21188512e-03 1.20843112e+00
2.26228494e-03 1.23369611e+00
2.31383315e-03 1.25943082e+00
2.36655594e-03 1.28564005e+00
2.42048007e-03 1.31232848e+00
2.47563291e-03 1.33950061e+00
2.53204245e-03 1.36716051e+00
2.58973734e-03 1.39531189e+00
2.64874686e-03 1.42395828e+00
2.70910096e-03 1.45310296e+00
2.77083029e-03 1.48274877e+00
2.83396617e-03 1.51289791e+00
2.89854067e-03 1.54355230e+00
2.96458655e-03 1.57471348e+00
3.03213734e-03 1.60638260e+00
3.10122735e-03 1.63855995e+00
3.17189163e-03 1.67124528e+00
3.24416606e-03 1.70443788e+00
3.31808733e-03 1.73813658e+00
3.39369297e-03 1.77233932e+00
3.47102134e-03 1.80704317e+00
3.55011172e-03 1.84224461e+00
3.63100424e-03 1.87793950e+00
3.71373997e-03 1.91412288e+00
3.79836091e-03 1.95078851e+00
3.88491001e-03 1.98792934e+00
3.97343121e-03 2.02553756e+00
4.06396945e-03 2.06360451e+00
4.15657069e-03 2.10212021e+00
4.25128193e-03 2.14107349e+00
4.34815125e-03 2.18045232e+00
4.44722782e-03 2.22024370e+00
4.54856195e-03 2.26043337e+00
4.65220506e-03 2.30100568e+00
4.75820978e-03 2.34194385e+00
4.86662991e-03 2.38323006e+00
4.97752050e-03 2.42484527e+00
5.09093782e-03 2.46676872e+00
5.20693947e-03 2.50897829e+00
5.32558431e-03 2.55145070e+00
5.44693259e-03 2.59416145e+00
5.57104589e-03 2.63708534e+00
5.69798724e-03 2.68019638e+00
5.82782105e-03 2.72346744e+00
5.96061325e-03 2.76687022e+00
6.09643123e-03 2.81037465e+00
6.23534396e-03 2.85394798e+00
6.37742193e-03 2.89755591e+00
6.52273729e-03 2.94116287e+00
6.67136378e-03 2.98473218e+00
6.82337686e-03 3.02822772e+00
6.97885370e-03 3.07161309e+00
7.13787322e-03 3.11485089e+00
7.30051615e-03 3.15790265e+00
7.46686504e-03 3.20072890e+00
7.63700434e-03 3.24328924e+00
7.81102042e-03 3.28554235e+00
7.98900162e-03 3.32744599e+00
8.17103828e-03 3.36895711e+00
8.35722281e-03 3.41003213e+00
8.54764972e-03 3.45062681e+00
8.74241568e-03 3.49069619e+00
8.94161957e-03 3.53019470e+00
9.14536249e-03 3.56907565e+00
9.35374788e-03 3.60729140e+00
9.56688152e-03 3.64479385e+00
9.78487161e-03 3.68153447e+00
1.00078288e-02 3.71746353e+00
1.02358663e-02 3.75252890e+00
1.04690998e-02 3.78667781e+00
1.07076477e-02 3.81985734e+00
1.09516312e-02 3.85201402e+00
1.12011741e-02 3.88309060e+00
1.14564030e-02 3.91302796e+00
1.17174475e-02 3.94176702e+00
1.19844402e-02 3.96924886e+00
1.22575166e-02 3.99541175e+00
1.25368152e-02 4.02018990e+00
1.28224780e-02 4.04351760e+00
1.31146498e-02 4.06532985e+00
1.34134790e-02 4.08556139e+00
1.37191173e-02 4.10414320e+00
1.40317198e-02 4.12100607e+00
1.43514453e-02 4.13608216e+00
1.46784560e-02 4.14930511e+00
1.50129180e-02 4.16060779e+00
1.53550010e-02 4.16992296e+00
1.57048786e-02 4.17718567e+00
1.60627285e-02 4.18233358e+00
1.64287324e-02 4.18530687e+00
1.68030760e-02 4.18604794e+00
1.71859493e-02 4.18450249e+00
1.75775468e-02 4.18062003e+00
1.79780672e-02 4.17435404e+00
1.83877138e-02 4.16566187e+00
1.88066945e-02 4.15450523e+00
1.92352221e-02 4.14085074e+00
1.96735141e-02 4.12467016e+00
2.01217930e-02 4.10594160e+00
2.05802864e-02 4.08465008e+00
2.10492269e-02 4.06078649e+00
2.15288526e-02 4.03434768e+00
2.20194071e-02 4.00533842e+00
2.25211393e-02 3.97377737e+00
2.30343039e-02 3.93969131e+00
2.35591614e-02 3.90311300e+00
2.40959783e-02 3.86408211e+00
2.46450271e-02 3.82265837e+00
2.52065864e-02 3.77891827e+00
2.57809414e-02 3.73294316e+00
2.63683836e-02 3.68481864e+00
2.69692111e-02 3.63464533e+00
2.75837291e-02 3.58255294e+00
2.82122494e-02 3.52867605e+00
2.88550911e-02 3.47314964e+00
2.95125806e-02 3.41611339e+00
3.01850516e-02 3.35774344e+00
3.08728454e-02 3.29822944e+00
3.15763112e-02 3.23775540e+00
3.22958061e-02 3.17649955e+00
3.30316954e-02 3.11465924e+00
3.37843526e-02 3.05245749e+00
3.45541598e-02 2.99010733e+00
3.53415077e-02 2.92780889e+00
3.61467960e-02 2.86576373e+00
3.69704336e-02 2.80421921e+00
3.78128385e-02 2.74341903e+00
3.86744384e-02 2.68358667e+00
3.95556706e-02 2.62492428e+00
4.04569825e-02 2.56758669e+00
4.13788316e-02 2.51169092e+00
4.23216859e-02 2.45734122e+00
4.32860239e-02 2.40463080e+00
4.42723353e-02 2.35368682e+00
4.52811207e-02 2.30472509e+00
4.63128921e-02 2.25795546e+00
4.73681735e-02 2.21356867e+00
4.84475003e-02 2.17167928e+00
4.95514206e-02 2.13212170e+00
5.06804947e-02 2.09466489e+00
5.18352959e-02 2.05909327e+00
5.30164102e-02 2.02520184e+00
5.42244372e-02 1.99278827e+00
5.54599903e-02 1.96166057e+00
5.67236965e-02 1.93163524e+00
5.80161975e-02 1.90248742e+00
5.93381492e-02 1.87395870e+00
6.06902229e-02 1.84580333e+00
6.20731047e-02 1.81773931e+00
6.34874968e-02 1.78940453e+00
6.49341171e-02 1.76044901e+00
6.64136999e-02 1.73049908e+00
6.79269964e-02 1.69910008e+00
6.94747747e-02 1.66582388e+00
7.10578206e-02 1.63034408e+00
7.26769376e-02 1.59246727e+00
7.43329476e-02 1.55206131e+00
7.60266913e-02 1.50917520e+00
7.77590285e-02 1.46398323e+00
7.95308386e-02 1.41674702e+00
8.13430210e-02 1.36792990e+00
8.31964957e-02 1.31801834e+00
8.50922034e-02 1.26757551e+00
8.70311065e-02 1.21717531e+00
8.90141894e-02 1.16738855e+00
9.10424585e-02 1.11878436e+00
9.31169436e-02 1.07191045e+00
9.52386978e-02 1.02733632e+00
9.74087980e-02 9.85546047e-01
9.96283460e-02 9.46973299e-01
1.01898468e-01 9.11993596e-01
1.04220317e-01 8.80809135e-01
1.06595072e-01 8.53401648e-01
1.09023938e-01 8.29648891e-01
1.11508147e-01 8.09081903e-01
1.14048962e-01 7.91157561e-01
1.16647671e-01 7.75117869e-01
1.19305594e-01 7.60143831e-01
1.22024080e-01 7.45385854e-01
1.24804510e-01 7.30015639e-01
1.27648294e-01 7.13330075e-01
1.30556876e-01 6.94758577e-01
1.33531733e-01 6.73996198e-01
1.36574375e-01 6.50948080e-01
1.39686346e-01 6.25820889e-01
1.42869226e-01 5.99017841e-01
1.46124632e-01 5.71148566e-01
1.49454214e-01 5.42988730e-01
1.52859664e-01 5.15410677e-01
1.56342710e-01 4.89369990e-01
1.59905121e-01 4.65696935e-01
1.63548704e-01 4.44999974e-01
1.67275310e-01 4.27459561e-01
1.71086830e-01 4.12865888e-01
1.74985199e-01 4.00684957e-01
1.78972396e-01 3.90213172e-01
1.83050444e-01 3.80668953e-01
1.87221415e-01 3.71218373e-01
1.91487425e-01 3.61027700e-01
1.95850640e-01 3.49428372e-01
2.00313274e-01 3.36148404e-01
2.04877594e-01 3.21396261e-01
2.09545916e-01 3.05763356e-01
2.14320611e-01 2.90024415e-01
2.19204100e-01 2.74969185e-01
2.24198865e-01 2.61283813e-01
2.29307440e-01 2.49412371e-01
2.34532418e-01 2.39440699e-01
2.39876452e-01 2.31095483e-01
2.45342255e-01 2.23833787e-01
2.50932601e-01 2.16949163e-01
2.56650328e-01 2.09735431e-01
2.62498339e-01 2.01743580e-01
2.68479602e-01 1.92956845e-01
2.74597154e-01 1.83705160e-01
2.80854100e-01 1.74465491e-01
2.87253615e-01 1.65750436e-01
2.93798950e-01 1.57987867e-01
3.00493426e-01 1.51314361e-01
3.07340441e-01 1.45502334e-01
3.14343473e-01 1.40135659e-01
3.21506074e-01 1.34809207e-01
3.28831882e-01 1.29235325e-01
3.36324615e-01 1.23357642e-01
3.43988077e-01 1.17398653e-01
3.51826158e-01 1.11696427e-01
3.59842837e-01 1.06480418e-01
3.68042182e-01 1.01806590e-01
3.76428358e-01 9.75672162e-02
3.85005620e-01 9.35249421e-02
3.93778323e-01 8.94705336e-02
4.02750919e-01 8.53644100e-02
4.11927965e-01 8.13058619e-02
4.21314118e-01 7.74382586e-02
4.30914143e-01 7.38678845e-02
4.40732913e-01 7.05729780e-02
4.50775413e-01 6.74456533e-02
4.61046740e-01 6.43968817e-02
4.71552109e-01 6.13855975e-02
4.82296852e-01 5.84702916e-02
4.93286424e-01 5.57114446e-02
5.04526403e-01 5.31242834e-02
5.16022495e-01 5.06784481e-02
5.27780537e-01 4.83183191e-02
5.39806495e-01 4.60325968e-02
5.52106477e-01 4.38345929e-02
5.64686724e-01 4.17513049e-02
5.77553624e-01 3.97760551e-02
5.90713708e-01 3.78918149e-02
6.04173657e-01 3.60793754e-02
6.17940302e-01 3.43439001e-02
6.32020633e-01 3.26895092e-02
6.46421798e-01 3.11169923e-02
6.61151105e-01 2.96175606e-02
6.76216034e-01 2.81853402e-02
6.91624231e-01 2.68177093e-02
7.07383517e-01 2.55122113e-02
7.23501893e-01 2.42664462e-02
7.39987541e-01 2.30780722e-02
7.56848829e-01 2.19448075e-02
7.74094317e-01 2.08644309e-02
7.91732759e-01 1.98347832e-02
8.09773109e-01 1.88537672e-02
8.28224525e-01 1.79193213e-02
8.47096373e-01 1.70293500e-02
8.66398234e-01 1.61818216e-02
8.86139904e-01 1.53747934e-02
9.06331407e-01 1.46064082e-02
9.26982991e-01 1.38748907e-02
9.48105141e-01 1.31785437e-02
9.69708578e-01 1.25157450e-02
9.91804268e-01 1.18849443e-02
1.01440343e+00 1.12846600e-02
1.03751753e+00 1.07134842e-02
1.06115831e+00 1.01700847e-02
1.08533777e+00 9.65318667e-03
1.11006818e+00 9.16156890e-03
1.13536209e+00 8.69406197e-03
1.16123234e+00 8.24954621e-03
1.18769208e+00 7.82694992e-03
1.21475472e+00 7.42524750e-03
1.24243401e+00 7.04345777e-03
1.27074400e+00 6.68064211e-03
1.29969905e+00 6.33590037e-03
1.32931388e+00 6.00837001e-03
1.35960350e+00 5.69722732e-03
1.39058330e+00 5.40168587e-03
1.42226901e+00 5.12099496e-03
1.45467670e+00 4.85443812e-03
1.48782283e+00 4.60133167e-03
1.52172422e+00 4.36102328e-03
1.55639809e+00 4.13289069e-03
1.59186203e+00 3.91634040e-03
1.62813406e+00 3.71080657e-03
1.66523257e+00 3.51574972e-03
1.70317641e+00 3.33065549e-03
1.74198483e+00 3.15503358e-03
1.78167754e+00 2.98841666e-03
1.82227468e+00 2.83035936e-03
1.86379686e+00 2.68043734e-03
1.90626516e+00 2.53824633e-03
1.94970115e+00 2.40340126e-03
1.99412686e+00 2.27553532e-03
2.03956485e+00 2.15429910e-03
2.08603819e+00 2.03935990e-03
2.13357046e+00 1.93040105e-03
2.18218581e+00 1.82712115e-03
2.23190889e+00 1.72923337e-03
2.28276496e+00 1.63646481e-03
2.33477984e+00 1.54855583e-03
2.38797992e+00 1.46525947e-03
2.44239221e+00 1.38634082e-03
2.49804433e+00 1.31157644e-03
2.55496454e+00 1.24075380e-03
2.61318173e+00 1.17367084e-03
2.67272545e+00 1.11013549e-03
2.73362593e+00 1.04996524e-03
2.79591407e+00 9.92986626e-04
2.85962152e+00 9.39034828e-04
2.92478059e+00 8.87953267e-04
2.99142437e+00 8.39593194e-04
3.05958669e+00 7.93813321e-04
3.12930216e+00 7.50479448e-04
3.20060615e+00 7.09464123e-04
3.27353487e+00 6.70646332e-04
3.34812533e+00 6.33911185e-04
3.42441541e+00 5.99149618e-04
3.50244383e+00 5.66258113e-04
3.58225019e+00 5.35138419e-04
3.66387501e+00 5.05697301e-04
3.74735973e+00 4.77846287e-04
3.83274673e+00 4.51501433e-04
3.92007935e+00 4.26583076e-04
4.00940191e+00 4.03015639e-04
4.10075978e+00 3.80727445e-04
4.19419932e+00 3.59650523e-04
4.28976796e+00 3.39720421e-04
4.38751422e+00 3.20876029e-04
4.48748771e+00 3.03059413e-04
4.58973920e+00 2.86215654e-04
4.69432057e+00 2.70292694e-04
4.80128493e+00 2.55241195e-04
4.91068657e+00 2.41014398e-04
5.02258102e+00 2.27567992e-04
5.13702509e+00 2.14859994e-04
5.25407688e+00 2.02850623e-04
5.37379579e+00 1.91502195e-04
5.49624261e+00 1.80779012e-04
5.62147949e+00 1.70647260e-04
5.74957001e+00 1.61074913e-04
5.88057918e+00 1.52031641e-04
6.01457352e+00 1.43488718e-04
6.15162104e+00 1.35418937e-04
6.29179132e+00 1.27796538e-04
6.43515550e+00 1.20597138e-04
6.58178636e+00 1.13797654e-04
6.73175834e+00 1.07376239e-04
6.88514757e+00 1.01312215e-04
7.04203191e+00 9.55860140e-05
7.20249100e+00 9.01791191e-05
7.36660630e+00 8.50740081e-05
7.53446112e+00 8.02541018e-05
7.70614066e+00 7.57037143e-05
7.88173208e+00 7.14080064e-05
8.06132450e+00 6.73529414e-05
8.24500910e+00 6.35252421e-05
8.43287912e+00 5.99123507e-05
8.62502993e+00 5.65023911e-05
8.82155908e+00 5.32841321e-05
9.02256631e+00 5.02469532e-05
9.22815368e+00 4.73808123e-05
9.43842554e+00 4.46762132e-05
9.65348864e+00 4.21241774e-05
9.87345215e+00 3.97162177e-05
1.00984277e+01 3.74443113e-05
1.03285296e+01 3.53008750e-05
1.05638745e+01 3.32787417e-05
1.08045820e+01 3.13711377e-05
1.10507742e+01 2.95716620e-05
1.13025761e+01 2.78742656e-05
1.15601156e+01 2.62732326e-05
1.18235233e+01 2.47631619e-05
1.20929330e+01 2.33389507e-05
1.23684815e+01 2.19957782e-05
1.26503086e+01 2.07290903e-05
1.29385574e+01 1.95345852e-05
1.32333741e+01 1.84081996e-05
1.35349086e+01 1.73460957e-05
1.38433138e+01 1.63446489e-05
1.41587463e+01 1.54004362e-05
1.44813662e+01 1.45102248e-05
1.48113372e+01 1.36709616e-05
1.51488270e+01 1.28797639e-05
1.54940068e+01 1.21339101e-05
1.58470518e+01 1.14308306e-05
1.62081413e+01 1.07680994e-05
1.65774585e+01 1.01434266e-05
1.69551910e+01 9.55465052e-06
1.73415304e+01 8.99973069e-06
1.77366729e+01 8.47674121e-06
1.81408191e+01 7.98386429e-06
1.85541742e+01 7.51938428e-06
1.89769479e+01 7.08168210e-06
1.94093549e+01 6.66922990e-06
1.98516146e+01 6.28058600e-06
2.03039517e+01 5.91439004e-06
2.07665957e+01 5.56935853e-06
2.12397814e+01 5.24428048e-06
2.17237492e+01 4.93801344e-06
2.22187445e+01 4.64947959e-06
2.27250188e+01 4.37766209e-06
2.32428290e+01 4.12160174e-06
2.37724380e+01 3.88039377e-06
2.43141145e+01 3.65318482e-06
2.48681337e+01 3.43917002e-06
2.54347767e+01 3.23759032e-06
2.60143312e+01 3.04772986e-06
2.66070914e+01 2.86891357e-06
2.72133582e+01 2.70050485e-06
2.78334392e+01 2.54190341e-06
2.84676494e+01 2.39254319e-06
2.91163107e+01 2.25189044e-06
2.97797523e+01 2.11944196e-06
3.04583110e+01 1.99472333e-06
3.11523313e+01 1.87728732e-06
3.18621654e+01 1.76671232e-06
3.25881738e+01 1.66260090e-06
3.33307249e+01 1.56457841e-06
3.40901958e+01 1.47229175e-06
3.48669719e+01 1.38540804e-06
3.56614475e+01 1.30361354e-06
3.64740260e+01 1.22661254e-06
3.73051198e+01 1.15412636e-06
3.81551508e+01 1.08589240e-06
3.90245506e+01 1.02166318e-06
3.99137604e+01 9.61205523e-07
4.08232317e+01 9.04299694e-07
4.17534261e+01 8.50738660e-07
4.27048159e+01 8.00327351e-07
4.36778839e+01 7.52881977e-07
4.46731241e+01 7.08229384e-07
4.56910419e+01 6.66206441e-07
4.67321538e+01 6.26659467e-07
4.77969883e+01 5.89443688e-07
4.88860861e+01 5.54422726e-07
5.00000000e+01 5.21468115e-07
