5.00000000e-04 1.96616237e+03
5.11392954e-04 2.00889321e+03
5.23045507e-04 2.05253269e+03
5.34963574e-04 2.09709891e+03
5.47153205e-04 2.14261031e+03
5.59620588e-04 2.18908562e+03
5.72372051e-04 2.23654385e+03
5.85414068e-04 2.28500432e+03
5.98753260e-04 2.33448665e+03
6.12396397e-04 2.38501080e+03
6.26350405e-04 2.43659701e+03
6.40622368e-04 2.48926577e+03
6.55219530e-04 2.54303790e+03
6.70149302e-04 2.59793452e+03
6.85419263e-04 2.65397711e+03
7.01037164e-04 2.71118736e+03
7.17010932e-04 2.76958730e+03
7.33348678e-04 2.82919926e+03
7.50058693e-04 2.89004591e+03
7.67149462e-04 2.95215015e+03
7.84629659e-04 3.01553515e+03
8.02508159e-04 3.08022437e+03
8.20794036e-04 3.14624160e+03
8.39496574e-04 3.21361090e+03
8.58625266e-04 3.28235646e+03
8.78189822e-04 3.35250274e+03
8.98200175e-04 3.42407453e+03
9.18666482e-04 3.49709686e+03
9.39599132e-04 3.57159490e+03
9.61008752e-04 3.64759397e+03
9.82906209e-04 3.72511967e+03
1.00530262e-03 3.80419787e+03
1.02820935e-03 3.88485455e+03
1.05163804e-03 3.96711574e+03
1.07560057e-03 4.05100768e+03
1.10010910e-03 4.13655682e+03
1.12517609e-03 4.22378974e+03
1.15081425e-03 4.31273284e+03
1.17703659e-03 4.40341258e+03
1.20385644e-03 4.49585553e+03
1.23128740e-03 4.59008838e+03
1.25934341e-03 4.68613774e+03
1.28803869e-03 4.78403007e+03
1.31738782e-03 4.88379191e+03
1.34740570e-03 4.98544981e+03
1.37810756e-03 5.08903018e+03
1.40950899e-03 5.19455896e+03
1.44162594e-03 5.30206197e+03
1.47447469e-03 5.41156490e+03
1.50807194e-03 5.52309334e+03
1.54243473e-03 5.63667240e+03
1.57758050e-03 5.75232680e+03
1.61352711e-03 5.87008108e+03
1.65029279e-03 5.98995950e+03
1.68789621e-03 6.11198570e+03
1.72635646e-03 6.23618243e+03
1.76569306e-03 6.36257198e+03
1.80592598e-03 6.49117622e+03
1.84707564e-03 6.62201642e+03
1.88916294e-03 6.75511281e+03
1.93220923e-03 6.89048485e+03
1.97623638e-03 7.02815139e+03
2.02126672e-03 7.16813054e+03
2.06732311e-03 7.31043930e+03
2.11442895e-03 7.45509349e+03
2.16260813e-03 7.60210805e+03
2.21188512e-03 7.75149700e+03
2.26228494e-03 7.90327320e+03
2.31383315e-03 8.05744788e+03
2.36655594e-03 8.21403108e+03
2.42048007e-03 8.37303167e+03
2.47563291e-03 8.53445719e+03
2.53204245e-03 8.69831313e+03
2.58973734e-03 8.86460319e+03
2.64874686e-03 9.03332957e+03
2.70910096e-03 9.20449293e+03
2.77083029e-03 9.37809200e+03
2.83396617e-03 9.55412336e+03
2.89854067e-03 9.73258176e+03
2.96458655e-03 9.91346011e+03
3.03213734e-03 1.00967492e+04
3.10122735e-03 1.02824369e+04
3.17189163e-03 1.04705085e+04
3.24416606e-03 1.06609472e+04
3.31808733e-03 1.08537340e+04
3.39369297e-03 1.10488464e+04
3.47102134e-03 1.12462586e+04
3.55011172e-03 1.14459422e+04
3.63100424e-03 1.16478663e+04
3.71373997e-03 1.18519966e+04
3.79836091e-03 1.20582951e+04
3.88491001e-03 1.22667209e+04
3.97343121e-03 1.24772296e+04
4.06396945e-03 1.26897740e+04
4.15657069e-03 1.29043014e+04
4.25128193e-03 1.31207548e+04
4.34815125e-03 1.33390737e+04
4.44722782e-03 1.35591940e+04
4.54856195e-03 1.37810478e+04
4.65220506e-03 1.40045628e+04
4.75820978e-03 1.42296631e+04
4.86662991e-03 1.44562689e+04
4.97752050e-03 1.46842948e+04
5.09093782e-03 1.49136432e+04
5.20693947e-03 1.51442099e+04
5.32558431e-03 1.53758857e+04
5.44693259e-03 1.56085576e+04
5.57104589e-03 1.58421202e+04
5.69798724e-03 1.60764755e+04
5.82782105e-03 1.63115224e+04
5.96061325e-03 1.65471565e+04
6.09643123e-03 1.67832517e+04
6.23534396e-03 1.70196305e+04
6.37742193e-03 1.72561008e+04
6.52273729e-03 1.74924638e+04
6.67136378e-03 1.77285162e+04
6.82337686e-03 1.79640771e+04
6.97885370e-03 1.81989746e+04
7.13787322e-03 1.84330327e+04
7.30051615e-03 1.86660705e+04
7.46686504e-03 1.88979005e+04
7.63700434e-03 1.91283262e+04
7.81102042e-03 1.93571465e+04
7.98900162e-03 1.95841562e+04
8.17103828e-03 1.98091412e+04
8.35722281e-03 2.00318617e+04
8.54764972e-03 2.02520665e+04
8.74241568e-03 2.04695000e+04
8.94161957e-03 2.06839014e+04
9.14536249e-03 2.08949961e+04
9.35374788e-03 2.11024965e+04
9.56688152e-03 2.13061110e+04
9.78487161e-03 2.15055441e+04
1.00078288e-02 2.17004931e+04
1.02358663e-02 2.18906427e+04
1.04690998e-02 2.20756731e+04
1.07076477e-02 2.22552628e+04
1.09516312e-02 2.24290867e+04
1.12011741e-02 2.25968059e+04
1.14564030e-02 2.27580739e+04
1.17174475e-02 2.29125443e+04
1.19844402e-02 2.30598711e+04
1.22575166e-02 2.31996959e+04
1.25368152e-02 2.33316425e+04
1.28224780e-02 2.34553357e+04
1.31146498e-02 2.35704040e+04
1.34134790e-02 2.36764768e+04
1.37191173e-02 2.37731723e+04
1.40317198e-02 2.38601105e+04
1.43514453e-02 2.39369196e+04
1.46784560e-02 2.40032359e+04
1.50129180e-02 2.40586891e+04
1.53550010e-02 2.41029063e+04
1.57048786e-02 2.41355275e+04
1.60627285e-02 2.41562074e+04
1.64287324e-02 2.41646115e+04
1.68030760e-02 2.41604093e+04
1.71859493e-02 2.41432879e+04
1.75775468e-02 2.41129556e+04
1.79780672e-02 2.40691432e+04
1.83877138e-02 2.40116020e+04
1.88066945e-02 2.39401078e+04
1.92352221e-02 2.38544638e+04
1.96735141e-02 2.37545031e+04
2.01217930e-02 2.36400981e+04
2.05802864e-02 2.35111658e+04
2.10492269e-02 2.33676566e+04
2.15288526e-02 2.32095552e+04
2.20194071e-02 2.30368923e+04
2.25211393e-02 2.28497828e+04
2.30343039e-02 2.26483893e+04
2.35591614e-02 2.24329077e+04
2.40959783e-02 2.22035726e+04
2.46450271e-02 2.19607301e+04
2.52065864e-02 2.17048186e+04
2.57809414e-02 2.14363041e+04
2.63683836e-02 2.11556761e+04
2.69692111e-02 2.08635103e+04
2.75837291e-02 2.05605494e+04
2.82122494e-02 2.02475635e+04
2.88550911e-02 1.99253243e+04
2.95125806e-02 1.95946305e+04
3.01850516e-02 1.92564939e+04
3.08728454e-02 1.89120051e+04
3.15763112e-02 1.85622209e+04
3.22958061e-02 1.82081640e+04
3.30316954e-02 1.78509628e+04
3.37843526e-02 1.74918883e+04
3.45541598e-02 1.71321533e+04
3.53415077e-02 1.67728963e+04
3.61467960e-02 1.64152657e+04
3.69704336e-02 1.60606804e+04
3.78128385e-02 1.57105394e+04
3.86744384e-02 1.53661244e+04
3.95556706e-02 1.50285927e+04
4.04569825e-02 1.46988126e+04
4.13788316e-02 1.43774233e+04
4.23216859e-02 1.40649925e+04
4.32860239e-02 1.37620266e+04
4.42723353e-02 1.34692466e+04
4.52811207e-02 1.31879233e+04
4.63128921e-02 1.29192954e+04
4.73681735e-02 1.26644890e+04
4.84475003e-02 1.24241775e+04
4.95514206e-02 1.21973683e+04
5.06804947e-02 1.19826801e+04
5.18352959e-02 1.17788248e+04
5.30164102e-02 1.15845890e+04
5.42244372e-02 1.13988093e+04
5.54599903e-02 1.12203875e+04
5.67236965e-02 1.10482747e+04
5.80161975e-02 1.08811877e+04
5.93381492e-02 1.07176539e+04
6.06902229e-02 1.05562731e+04
6.20731047e-02 1.03954350e+04
6.34874968e-02 1.02330676e+04
6.49341171e-02 1.00671679e+04
6.64136999e-02 9.89559186e+03
6.79269964e-02 9.71572113e+03
6.94747747e-02 9.52508896e+03
7.10578206e-02 9.32181495e+03
7.26769376e-02 9.10478515e+03
7.43329476e-02 8.87323919e+03
7.60266913e-02 8.62746684e+03
7.77590285e-02 8.36848307e+03
7.95308386e-02 8.09780503e+03
8.13430210e-02 7.81811164e+03
8.31964957e-02 7.53221147e+03
8.50922034e-02 7.24334028e+03
8.70311065e-02 6.95478772e+03
8.90141894e-02 6.66981677e+03
9.10424585e-02 6.39167226e+03
9.31169436e-02 6.12347935e+03
9.52386978e-02 5.86849355e+03
9.74087980e-02 5.62948265e+03
9.96283460e-02 5.40893654e+03
1.01898468e-01 5.20901689e+03
1.04220317e-01 5.03088501e+03
1.06595072e-01 4.87442893e+03
1.09023938e-01 4.73893771e+03
1.11508147e-01 4.62169888e+03
1.14048962e-01 4.51957406e+03
1.16647671e-01 4.42819839e+03
1.19305594e-01 4.34286095e+03
1.22024080e-01 4.25868984e+03
1.24804510e-01 4.17094313e+03
1.27648294e-01 4.07560342e+03
1.30556876e-01 3.96941703e+03
1.33531733e-01 3.85065735e+03
1.36574375e-01 3.71880172e+03
1.39686346e-01 3.57505078e+03
1.42869226e-01 3.42172210e+03
1.46124632e-01 3.26230303e+03
1.49454214e-01 3.10122901e+03
1.52859664e-01 2.94349224e+03
1.56342710e-01 2.79457838e+03
1.59905121e-01 2.65925950e+03
1.63548704e-01 2.54103291e+03
1.67275310e-01 2.44091784e+03
1.71086830e-01 2.35768349e+03
1.74985199e-01 2.28824015e+03
1.78972396e-01 2.22854820e+03
1.83050444e-01 2.17414082e+03
1.87221415e-01 2.12025195e+03
1.91487425e-01 2.06210025e+03
1.95850640e-01 1.99584244e+03
2.00313274e-01 1.91992471e+03
2.04877594e-01 1.83556610e+03
2.09545916e-01 1.74617854e+03
2.14320611e-01 1.65620324e+03
2.19204100e-01 1.57015392e+03
2.24198865e-01 1.49195591e+03
2.29307440e-01 1.42415453e+03
2.34532418e-01 1.36723684e+03
2.39876452e-01 1.31962918e+03
2.45342255e-01 1.27821695e+03
2.50932601e-01 1.23895192e+03
2.56650328e-01 1.19778045e+03
2.62498339e-01 1.15212738e+03
2.68479602e-01 1.10191130e+03
2.74597154e-01 1.04903770e+03
2.80854100e-01 9.96238097e+02
2.87253615e-01 9.46442972e+02
2.93798950e-01 9.02107097e+02
3.00493426e-01 8.64012985e+02
3.07340441e-01 8.30847383e+02
3.14343473e-01 8.00221047e+02
3.21506074e-01 7.69816097e+02
3.28831882e-01 7.37984790e+02
3.36324615e-01 7.04405425e+02
3.43988077e-01 6.70359414e+02
3.51826158e-01 6.37788043e+02
3.59842837e-01 6.08001246e+02
3.68042182e-01 5.81316687e+02
3.76428358e-01 5.57117196e+02
3.85005620e-01 5.34041087e+02
3.93778323e-01 5.10889164e+02
4.02750919e-01 4.87437073e+02
4.11927965e-01 4.64256440e+02
4.21314118e-01 4.42168598e+02
4.30914143e-01 4.21781513e+02
4.40732913e-01 4.02970024e+02
4.50775413e-01 3.85114310e+02
4.61046740e-01 3.67705901e+02
4.71552109e-01 3.50509028e+02
4.82296852e-01 3.33860556e+02
4.93286424e-01 3.18106854e+02
5.04526403e-01 3.03334489e+02
5.16022495e-01 2.89369568e+02
5.27780537e-01 2.75893143e+02
5.39806495e-01 2.62840994e+02
5.52106477e-01 2.50289668e+02
5.64686724e-01 2.38394072e+02
5.77553624e-01 2.27115620e+02
5.90713708e-01 2.16356868e+02
6.04173657e-01 2.06007642e+02
6.17940302e-01 1.96097947e+02
6.32020633e-01 1.86651377e+02
6.46421798e-01 1.77672446e+02
6.61151105e-01 1.69110859e+02
6.76216034e-01 1.60933019e+02
6.91624231e-01 1.53123963e+02
7.07383517e-01 1.45669670e+02
7.23501893e-01 1.38556443e+02
7.39987541e-01 1.31770916e+02
7.56848829e-01 1.25300064e+02
7.74094317e-01 1.19131207e+02
7.91732759e-01 1.13252019e+02
8.09773109e-01 1.07650528e+02
8.28224525e-01 1.02314961e+02
8.47096373e-01 9.72333530e+01
8.66398234e-01 9.23940988e+01
8.86139904e-01 8.77861044e+01
9.06331407e-01 8.33987633e+01
9.26982991e-01 7.92219362e+01
9.48105141e-01 7.52459311e+01
9.69708578e-01 7.14614845e+01
9.91804268e-01 6.78597429e+01
1.01440343e+00 6.44322460e+01
1.03751753e+00 6.11709545e+01
1.06115831e+00 5.80682611e+01
1.08533777e+00 5.51168870e+01
1.11006818e+00 5.23098597e+01
1.13536209e+00 4.96405018e+01
1.16123234e+00 4.71024203e+01
1.18769208e+00 4.46894958e+01
1.21475472e+00 4.23958725e+01
1.24243401e+00 4.02159477e+01
1.27074400e+00 3.81443622e+01
1.29969905e+00 3.61759760e+01
1.32931388e+00 3.43058641e+01
1.35960350e+00 3.25293229e+01
1.39058330e+00 3.08418619e+01
1.42226901e+00 2.92391947e+01
1.45467670e+00 2.77172303e+01
1.48782283e+00 2.62720646e+01
1.52172422e+00 2.48999732e+01
1.55639809e+00 2.35974028e+01
1.59186203e+00 2.23609646e+01
1.62813406e+00 2.11874277e+01
1.66523257e+00 2.00737119e+01
1.70317641e+00 1.90168802e+01
1.74198483e+00 1.80141331e+01
1.78167754e+00 1.70628021e+01
1.82227468e+00 1.61603444e+01
1.86379686e+00 1.53043369e+01
1.90626516e+00 1.44924715e+01
1.94970115e+00 1.37225494e+01
1.99412686e+00 1.29924763e+01
2.03956485e+00 1.23002570e+01
2.08603819e+00 1.16439919e+01
2.13357046e+00 1.10218730e+01
2.18218581e+00 1.04321791e+01
2.23190889e+00 9.87327277e+00
2.28276496e+00 9.34359563e+00
2.33477984e+00 8.84166528e+00
2.38797992e+00 8.36607157e+00
2.44239221e+00 7.91547327e+00
2.49804433e+00 7.48859461e+00
2.55496454e+00 7.08422204e+00
2.61318173e+00 6.70120185e+00
2.67272545e+00 6.33843744e+00
2.73362593e+00 5.99488662e+00
2.79591407e+00 5.66955898e+00
2.85962152e+00 5.36151349e+00
2.92478059e+00 5.06985609e+00
2.99142437e+00 4.79373748e+00
3.05958669e+00 4.53235094e+00
3.12930216e+00 4.28493023e+00
3.20060615e+00 4.05074765e+00
3.27353487e+00 3.82911225e+00
3.34812533e+00 3.61936805e+00
3.42441541e+00 3.42089234e+00
3.50244383e+00 3.23309406e+00
3.58225019e+00 3.05541223e+00
3.66387501e+00 2.88731450e+00
3.74735973e+00 2.72829574e+00
3.83274673e+00 2.57787665e+00
3.92007935e+00 2.43560237e+00
4.00940191e+00 2.30104139e+00
4.10075978e+00 2.17378444e+00
4.19419932e+00 2.05344343e+00
4.28976796e+00 1.93965035e+00
4.38751422e+00 1.83205629e+00
4.48748771e+00 1.73033046e+00
4.58973920e+00 1.63415928e+00
4.69432057e+00 1.54324553e+00
4.80128493e+00 1.45730750e+00
4.91068657e+00 1.37607820e+00
5.02258102e+00 1.29930465e+00
5.13702509e+00 1.22674712e+00
5.25407688e+00 1.15817848e+00
5.37379579e+00 1.09338357e+00
5.49624261e+00 1.03215857e+00
5.62147949e+00 9.74310401e-01
5.74957001e+00 9.19656216e-01
5.88057918e+00 8.68022843e-01
6.01457352e+00 8.19246265e-01
6.15162104e+00 7.73171143e-01
6.29179132e+00 7.29650406e-01
6.43515550e+00 6.88544830e-01
6.58178636e+00 6.49722625e-01
6.73175834e+00 6.13059053e-01
6.88514757e+00 5.78436057e-01
7.04203191e+00 5.45741908e-01
7.20249100e+00 5.14870880e-01
7.36660630e+00 4.85722931e-01
7.53446112e+00 4.58203396e-01
7.70614066e+00 4.32222712e-01
7.88173208e+00 4.07696151e-01
8.06132450e+00 3.84543564e-01
8.24500910e+00 3.62689143e-01
8.43287912e+00 3.42061188e-01
8.62502993e+00 3.22591887e-01
8.82155908e+00 3.04217115e-01
9.02256631e+00 2.86876233e-01
9.22815368e+00 2.70511904e-01
9.43842554e+00 2.55069909e-01
9.65348864e+00 2.40498986e-01
9.87345215e+00 2.26750677e-01
1.00984277e+01 2.13779176e-01
1.03285296e+01 2.01541188e-01
1.05638745e+01 1.89995790e-01
1.08045820e+01 1.79104309e-01
1.10507742e+01 1.68830198e-01
1.13025761e+01 1.59138919e-01
1.15601156e+01 1.49997837e-01
1.18235233e+01 1.41376114e-01
1.20929330e+01 1.33244614e-01
1.23684815e+01 1.25575810e-01
1.26503086e+01 1.18343701e-01
1.29385574e+01 1.11523725e-01
1.32333741e+01 1.05092682e-01
1.35349086e+01 9.90286595e-02
1.38433138e+01 9.33109621e-02
1.41587463e+01 8.79200458e-02
1.44813662e+01 8.28374525e-02
1.48113372e+01 7.80457510e-02
1.51488270e+01 7.35284820e-02
1.54940068e+01 6.92701058e-02
1.58470518e+01 6.52559512e-02
1.62081413e+01 6.14721676e-02
1.65774585e+01 5.79056801e-02
1.69551910e+01 5.45441466e-02
1.73415304e+01 5.13759171e-02
1.77366729e+01 4.83899955e-02
1.81408191e+01 4.55760030e-02
1.85541742e+01 4.29241437e-02
1.89769479e+01 4.04251731e-02
1.94093549e+01 3.80703678e-02
1.98516146e+01 3.58514963e-02
2.03039517e+01 3.37607916e-02
2.07665957e+01 3.17909254e-02
2.12397814e+01 2.99349837e-02
2.17237492e+01 2.81864435e-02
2.22187445e+01 2.65391511e-02
2.27250188e+01 2.49873006e-02
2.32428290e+01 2.35254153e-02
2.37724380e+01 2.21483293e-02
2.43141145e+01 2.08511703e-02
2.48681337e+01 1.96293429e-02
2.54347767e+01 1.84785131e-02
2.60143312e+01 1.73945939e-02
2.66070914e+01 1.63737309e-02
2.72133582e+01 1.54122896e-02
2.78334392e+01 1.45068426e-02
2.84676494e+01 1.36541577e-02
2.91163107e+01 1.28511875e-02
2.97797523e+01 1.20950589e-02
3.04583110e+01 1.13830632e-02
3.11523313e+01 1.07126469e-02
3.18621654e+01 1.00814028e-02
3.25881738e+01 9.48706174e-03
3.33307249e+01 8.92748487e-03
3.40901958e+01 8.40065607e-03
3.48669719e+01 7.90467483e-03
3.56614475e+01 7.43774957e-03
3.64740260e+01 6.99819182e-03
3.73051198e+01 6.58441044e-03
3.81551508e+01 6.19490601e-03
3.90245506e+01 5.82826560e-03
3.99137604e+01 5.48315783e-03
4.08232317e+01 5.15832819e-03
4.17534261e+01 4.85259467e-03
4.27048159e+01 4.56484357e-03
4.36778839e+01 4.29402561e-03
4.46731241e+01 4.03915223e-03
4.56910419e+01 3.79929211e-03
4.67321538e+01 3.57356787e-03
4.77969883e+01 3.36115300e-03
4.88860861e+01 3.16126890e-03
5.00000000e+01 2.97318216e-03
