5.00000000e-04 7.41253443e+02
5.11392954e-04 7.57374017e+02
5.23045507e-04 7.73837835e+02
5.34963574e-04 7.90651741e+02
5.47153205e-04 8.07822698e+02
5.59620588e-04 8.25357788e+02
5.72372051e-04 8.43264192e+02
5.85414068e-04 8.61549200e+02
5.98753260e-04 8.80220222e+02
6.12396397e-04 8.99284792e+02
6.26350405e-04 9.18750549e+02
6.40622368e-04 9.38625221e+02
6.55219530e-04 9.58916656e+02
6.70149302e-04 9.79632825e+02
6.85419263e-04 1.00078182e+03
7.01037164e-04 1.02237181e+03
7.17010932e-04 1.04441109e+03
7.33348678e-04 1.06690807e+03
7.50058693e-04 1.08987127e+03
7.67149462e-04 1.11330934e+03
7.84629659e-04 1.13723097e+03
8.02508159e-04 1.16164501e+03
8.20794036e-04 1.18656040e+03
8.39496574e-04 1.21198619e+03
8.58625266e-04 1.23793149e+03
8.78189822e-04 1.26440549e+03
8.98200175e-04 1.29141751e+03
9.18666482e-04 1.31897696e+03
9.39599132e-04 1.34709332e+03
9.61008752e-04 1.37577616e+03
9.82906209e-04 1.40503513e+03
1.00530262e-03 1.43487998e+03
1.02820935e-03 1.46532053e+03
1.05163804e-03 1.49636660e+03
1.07560057e-03 1.52802807e+03
1.10010910e-03 1.56031491e+03
1.12517609e-03 1.59323717e+03
1.15081425e-03 1.62680484e+03
1.17703659e-03 1.66102796e+03
1.20385644e-03 1.69591662e+03
1.23128740e-03 1.73148096e+03
1.25934341e-03 1.76773106e+03
1.28803869e-03 1.80467696e+03
1.31738782e-03 1.84232870e+03
1.34740570e-03 1.88069636e+03
1.37810756e-03 1.91978994e+03
1.40950899e-03 1.95961930e+03
1.44162594e-03 2.00019423e+03
1.47447469e-03 2.04152449e+03
1.50807194e-03 2.08361980e+03
1.54243473e-03 2.12648965e+03
1.57758050e-03 2.17014340e+03
1.61352711e-03 2.21459031e+03
1.65029279e-03 2.25983956e+03
1.68789621e-03 2.30590007e+03
1.72635646e-03 2.35278042e+03
1.76569306e-03 2.40048904e+03
1.80592598e-03 2.44903419e+03
1.84707564e-03 2.49842389e+03
1.88916294e-03 2.54866589e+03
1.93220923e-03 2.59976765e+03
1.97623638e-03 2.65173641e+03
2.02126672e-03 2.70457914e+03
2.06732311e-03 2.75830234e+03
2.11442895e-03 2.81291198e+03
2.16260813e-03 2.86841373e+03
2.21188512e-03 2.92481287e+03
2.26228494e-03 2.98211428e+03
2.31383315e-03 3.04032219e+03
2.36655594e-03 3.09944042e+03
2.42048007e-03 3.15947232e+03
2.47563291e-03 3.22042074e+03
2.53204245e-03 3.28228783e+03
2.58973734e-03 3.34507504e+03
2.64874686e-03 3.40878332e+03
2.70910096e-03 3.47341298e+03
2.77083029e-03 3.53896364e+03
2.83396617e-03 3.60543402e+03
2.89854067e-03 3.67282218e+03
2.96458655e-03 3.74112547e+03
3.03213734e-03 3.81034045e+03
3.10122735e-03 3.88046252e+03
3.17189163e-03 3.95148619e+03
3.24416606e-03 4.02340510e+03
3.31808733e-03 4.09621205e+03
3.39369297e-03 4.16989863e+03
3.47102134e-03 4.24445524e+03
3.55011172e-03 4.31987130e+03
3.63100424e-03 4.39613522e+03
3.71373997e-03 4.47323422e+03
3.79836091e-03 4.55115397e+03
3.88491001e-03 4.62987897e+03
3.97343121e-03 4.70939256e+03
4.06396945e-03 4.78967683e+03
4.15657069e-03 4.87071198e+03
4.25128193e-03 4.95247659e+03
4.34815125e-03 5.03494791e+03
4.44722782e-03 5.11810185e+03
4.54856195e-03 5.20191286e+03
4.65220506e-03 5.28635381e+03
4.75820978e-03 5.37139616e+03
4.86662991e-03 5.45700991e+03
4.97752050e-03 5.54316294e+03
5.09093782e-03 5.62981825e+03
5.20693947e-03 5.71693617e+03
5.32558431e-03 5.80447523e+03
5.44693259e-03 5.89239244e+03
5.57104589e-03 5.98064865e+03
5.69798724e-03 6.06920818e+03
5.82782105e-03 6.15803430e+03
5.96061325e-03 6.24708913e+03
6.09643123e-03 6.33632583e+03
6.23534396e-03 6.42567610e+03
6.37742193e-03 6.51506582e+03
6.52273729e-03 6.60441802e+03
6.67136378e-03 6.69365438e+03
6.82337686e-03 6.78270656e+03
6.97885370e-03 6.87151067e+03
7.13787322e-03 6.96000126e+03
7.30051615e-03 7.04811118e+03
7.46686504e-03 7.13577006e+03
7.63700434e-03 7.22290340e+03
7.81102042e-03 7.30943486e+03
7.98900162e-03 7.39528647e+03
8.17103828e-03 7.48037698e+03
8.35722281e-03 7.56461555e+03
8.54764972e-03 7.64790727e+03
8.74241568e-03 7.73015540e+03
8.94161957e-03 7.81126129e+03
9.14536249e-03 7.89112125e+03
9.35374788e-03 7.96962694e+03
9.56688152e-03 8.04666841e+03
9.78487161e-03 8.12213425e+03
1.00078288e-02 8.19591029e+03
1.02358663e-02 8.26787726e+03
1.04690998e-02 8.33791430e+03
1.07076477e-02 8.40589966e+03
1.09516312e-02 8.47171044e+03
1.12011741e-02 8.53521841e+03
1.14564030e-02 8.59629261e+03
1.17174475e-02 8.65480205e+03
1.19844402e-02 8.71061586e+03
1.22575166e-02 8.76359838e+03
1.25368152e-02 8.81360695e+03
1.28224780e-02 8.86049935e+03
1.31146498e-02 8.90413469e+03
1.34134790e-02 8.94437252e+03
1.37191173e-02 8.98106861e+03
1.40317198e-02 9.01407959e+03
1.43514453e-02 9.04326510e+03
1.46784560e-02 9.06848790e+03
1.50129180e-02 9.08960783e+03
1.53550010e-02 9.10648338e+03
1.57048786e-02 9.11897789e+03
1.60627285e-02 9.12696027e+03
1.64287324e-02 9.13030364e+03
1.68030760e-02 9.12888305e+03
1.71859493e-02 9.12258024e+03
1.75775468e-02 9.11128497e+03
1.79780672e-02 9.09489545e+03
1.83877138e-02 9.07331729e+03
1.88066945e-02 9.04646510e+03
1.92352221e-02 9.01426397e+03
1.96735141e-02 8.97665018e+03
2.01217930e-02 8.93357514e+03
2.05802864e-02 8.88500724e+03
2.10492269e-02 8.83092766e+03
2.15288526e-02 8.77133039e+03
2.20194071e-02 8.70622686e+03
2.25211393e-02 8.63566027e+03
2.30343039e-02 8.55969168e+03
2.35591614e-02 8.47839491e+03
2.40959783e-02 8.39185836e+03
2.46450271e-02 8.30021247e+03
2.52065864e-02 8.20362272e+03
2.57809414e-02 8.10226484e+03
2.63683836e-02 7.99632366e+03
2.69692111e-02 7.88601653e+03
2.75837291e-02 7.77162409e+03
2.82122494e-02 7.65343732e+03
2.88550911e-02 7.53174787e+03
2.95125806e-02 7.40685758e+03
3.01850516e-02 7.27914877e+03
3.08728454e-02 7.14903357e+03
3.15763112e-02 7.01691133e+03
3.22958061e-02 6.88316856e+03
3.30316954e-02 6.74823184e+03
3.37843526e-02 6.61258174e+03
3.45541598e-02 6.47667695e+03
3.53415077e-02 6.34094800e+03
3.61467960e-02 6.20582919e+03
3.69704336e-02 6.07185701e+03
3.78128385e-02 5.93956036e+03
3.86744384e-02 5.80942387e+03
3.95556706e-02 5.68188517e+03
4.04569825e-02 5.55727273e+03
4.13788316e-02 5.43582843e+03
4.23216859e-02 5.31776718e+03
4.32860239e-02 5.20328069e+03
4.42723353e-02 5.09264182e+03
4.52811207e-02 4.98633112e+03
4.63128921e-02 4.88481716e+03
4.73681735e-02 4.78852587e+03
4.84475003e-02 4.69771206e+03
4.95514206e-02 4.61200067e+03
5.06804947e-02 4.53086972e+03
5.18352959e-02 4.45383237e+03
5.30164102e-02 4.38043001e+03
5.42244372e-02 4.31022290e+03
5.54599903e-02 4.24279597e+03
5.67236965e-02 4.17775267e+03
5.80161975e-02 4.11460790e+03
5.93381492e-02 4.05280477e+03
6.06902229e-02 3.99181380e+03
6.20731047e-02 3.93102620e+03
6.34874968e-02 3.86965857e+03
6.49341171e-02 3.80695362e+03
6.64136999e-02 3.74210068e+03
6.79269964e-02 3.67410923e+03
6.94747747e-02 3.60204611e+03
7.10578206e-02 3.52520016e+03
7.26769376e-02 3.44315041e+03
7.43329476e-02 3.35560961e+03
7.60266913e-02 3.26268730e+03
7.77590285e-02 3.16476705e+03
7.95308386e-02 3.06242245e+03
8.13430210e-02 2.95666658e+03
8.31964957e-02 2.84856160e+03
8.50922034e-02 2.73933126e+03
8.70311065e-02 2.63021969e+03
8.90141894e-02 2.52246096e+03
9.10424585e-02 2.41728232e+03
9.31169436e-02 2.31586581e+03
9.52386978e-02 2.21944281e+03
9.74087980e-02 2.12906028e+03
9.96283460e-02 2.04566001e+03
1.01898468e-01 1.97005961e+03
1.04220317e-01 1.90269841e+03
1.06595072e-01 1.84353432e+03
1.09023938e-01 1.79229862e+03
1.11508147e-01 1.74796545e+03
1.14048962e-01 1.70934782e+03
1.16647671e-01 1.67479508e+03
1.19305594e-01 1.64252572e+03
1.22024080e-01 1.61069719e+03
1.24804510e-01 1.57751596e+03
1.27648294e-01 1.54146246e+03
1.30556876e-01 1.50130595e+03
1.33531733e-01 1.45639357e+03
1.36574375e-01 1.40652778e+03
1.39686346e-01 1.35216235e+03
1.42869226e-01 1.29417371e+03
1.46124632e-01 1.23388119e+03
1.49454214e-01 1.17296251e+03
1.52859664e-01 1.11330574e+03
1.56342710e-01 1.05698537e+03
1.59905121e-01 1.00580641e+03
1.63548704e-01 9.61092052e+02
1.67275310e-01 9.23227916e+02
1.71086830e-01 8.91748375e+02
1.74985199e-01 8.65484680e+02
1.78972396e-01 8.42909050e+02
1.83050444e-01 8.22332089e+02
1.87221415e-01 8.01951148e+02
1.91487425e-01 7.79957757e+02
1.95850640e-01 7.54898182e+02
2.00313274e-01 7.26184650e+02
2.04877594e-01 6.94278377e+02
2.09545916e-01 6.60469880e+02
2.14320611e-01 6.26438877e+02
2.19204100e-01 5.93892806e+02
2.24198865e-01 5.64316071e+02
2.29307440e-01 5.38671628e+02
2.34532418e-01 5.17143860e+02
2.39876452e-01 4.99137375e+02
2.45342255e-01 4.83474294e+02
2.50932601e-01 4.68623253e+02
2.56650328e-01 4.53050927e+02
2.62498339e-01 4.35783589e+02
2.68479602e-01 4.16790221e+02
2.74597154e-01 3.96791562e+02
2.80854100e-01 3.76820850e+02
2.87253615e-01 3.57986503e+02
2.93798950e-01 3.41217016e+02
3.00493426e-01 3.26808475e+02
3.07340441e-01 3.14264015e+02
3.14343473e-01 3.02680065e+02
3.21506074e-01 2.91179778e+02
3.28831882e-01 2.79139935e+02
3.36324615e-01 2.66438869e+02
3.43988077e-01 2.53561304e+02
3.51826158e-01 2.41241364e+02
3.59842837e-01 2.29974854e+02
3.68042182e-01 2.19881634e+02
3.76428358e-01 2.10728340e+02
3.85005620e-01 2.01999980e+02
3.93778323e-01 1.93242925e+02
4.02750919e-01 1.84372321e+02
4.11927965e-01 1.75604405e+02
4.21314118e-01 1.67249765e+02
4.30914143e-01 1.59538469e+02
4.40732913e-01 1.52423101e+02
4.50775413e-01 1.45669267e+02
4.61046740e-01 1.39084638e+02
4.71552109e-01 1.32579957e+02
4.82296852e-01 1.26282732e+02
4.93286424e-01 1.20323930e+02
5.04526403e-01 1.14736344e+02
5.16022495e-01 1.09454142e+02
5.27780537e-01 1.04356716e+02
5.39806495e-01 9.94197709e+01
5.52106477e-01 9.46722471e+01
5.64686724e-01 9.01727581e+01
5.77553624e-01 8.59066965e+01
5.90713708e-01 8.18372060e+01
6.04173657e-01 7.79226288e+01
6.17940302e-01 7.41742963e+01
6.32020633e-01 7.06011161e+01
6.46421798e-01 6.72048506e+01
6.61151105e-01 6.39664550e+01
6.76216034e-01 6.08732013e+01
6.91624231e-01 5.79194308e+01
7.07383517e-01 5.50998428e+01
7.23501893e-01 5.24092580e+01
7.39987541e-01 4.98426225e+01
7.56848829e-01 4.73950108e+01
7.74094317e-01 4.50616283e+01
7.91732759e-01 4.28378134e+01
8.09773109e-01 4.07190384e+01
8.28224525e-01 3.87008512e+01
8.47096373e-01 3.67787251e+01
8.66398234e-01 3.49482704e+01
8.86139904e-01 3.32052906e+01
9.06331407e-01 3.15457735e+01
9.26982991e-01 2.99658837e+01
9.48105141e-01 2.84619550e+01
9.69708578e-01 2.70304834e+01
9.91804268e-01 2.56681198e+01
1.01440343e+00 2.43716641e+01
1.03751753e+00 2.31380755e+01
1.06115831e+00 2.19644764e+01
1.08533777e+00 2.08481138e+01
1.11006818e+00 1.97863503e+01
1.13536209e+00 1.87766602e+01
1.16123234e+00 1.78166254e+01
1.18769208e+00 1.69039313e+01
1.21475472e+00 1.60363629e+01
1.24243401e+00 1.52118011e+01
1.27074400e+00 1.44282186e+01
1.29969905e+00 1.36836715e+01
1.32931388e+00 1.29762967e+01
1.35960350e+00 1.23043152e+01
1.39058330e+00 1.16660284e+01
1.42226901e+00 1.10598151e+01
1.45467670e+00 1.04841277e+01
1.48782283e+00 9.93748975e+00
1.52172422e+00 9.41849227e+00
1.55639809e+00 8.92579132e+00
1.59186203e+00 8.45810507e+00
1.62813406e+00 8.01421144e+00
1.66523257e+00 7.59294527e+00
1.70317641e+00 7.19319569e+00
1.74198483e+00 6.81390373e+00
1.78167754e+00 6.45406005e+00
1.82227468e+00 6.11270280e+00
1.86379686e+00 5.78891550e+00
1.90626516e+00 5.48182502e+00
1.94970115e+00 5.19059967e+00
1.99412686e+00 4.91444730e+00
2.03956485e+00 4.65261323e+00
2.08603819e+00 4.40437895e+00
2.13357046e+00 4.16906050e+00
2.18218581e+00 3.94600694e+00
2.23190889e+00 3.73459882e+00
2.28276496e+00 3.53424673e+00
2.33477984e+00 3.34438993e+00
2.38797992e+00 3.16449504e+00
2.44239221e+00 2.99405473e+00
2.49804433e+00 2.83258644e+00
2.55496454e+00 2.67963115e+00
2.61318173e+00 2.53475246e+00
2.67272545e+00 2.39753559e+00
2.73362593e+00 2.26758631e+00
2.79591407e+00 2.14453002e+00
2.85962152e+00 2.02801076e+00
2.92478059e+00 1.91769035e+00
2.99142437e+00 1.81324755e+00
3.05958669e+00 1.71437721e+00
3.12930216e+00 1.62078949e+00
3.20060615e+00 1.53220914e+00
3.27353487e+00 1.44837481e+00
3.34812533e+00 1.36903836e+00
3.42441541e+00 1.29396426e+00
3.50244383e+00 1.22292892e+00
3.58225019e+00 1.15572017e+00
3.66387501e+00 1.09213663e+00
3.74735973e+00 1.03198725e+00
3.83274673e+00 9.75090711e-01
3.92007935e+00 9.21274976e-01
4.00940191e+00 8.70376818e-01
4.10075978e+00 8.22241434e-01
4.19419932e+00 7.76722026e-01
4.28976796e+00 7.33679395e-01
4.38751422e+00 6.92981562e-01
4.48748771e+00 6.54503407e-01
4.58973920e+00 6.18126318e-01
4.69432057e+00 5.83737870e-01
4.80128493e+00 5.51231503e-01
4.91068657e+00 5.20506234e-01
5.02258102e+00 4.91466364e-01
5.13702509e+00 4.64021220e-01
5.25407688e+00 4.38084891e-01
5.37379579e+00 4.13575989e-01
5.49624261e+00 3.90417416e-01
5.62147949e+00 3.68536146e-01
5.74957001e+00 3.47863012e-01
5.88057918e+00 3.28332512e-01
6.01457352e+00 3.09882606e-01
6.15162104e+00 2.92454536e-01
6.29179132e+00 2.75992671e-01
6.43515550e+00 2.60444349e-01
6.58178636e+00 2.45759720e-01
6.73175834e+00 2.31891601e-01
6.88514757e+00 2.18795336e-01
7.04203191e+00 2.06428664e-01
7.20249100e+00 1.94751593e-01
7.36660630e+00 1.83726281e-01
7.53446112e+00 1.73316922e-01
7.70614066e+00 1.63489638e-01
7.88173208e+00 1.54212381e-01
8.06132450e+00 1.45454834e-01
8.24500910e+00 1.37188324e-01
8.43287912e+00 1.29385728e-01
8.62502993e+00 1.22021398e-01
8.82155908e+00 1.15071078e-01
9.02256631e+00 1.08511831e-01
9.22815368e+00 1.02321969e-01
9.43842554e+00 9.64809832e-02
9.65348864e+00 9.09694838e-02
9.87345215e+00 8.57691411e-02
1.00984277e+01 8.08626287e-02
1.03285296e+01 7.62335696e-02
1.05638745e+01 7.18664852e-02
1.08045820e+01 6.77467470e-02
1.10507742e+01 6.38605305e-02
1.13025761e+01 6.01947722e-02
1.15601156e+01 5.67371275e-02
1.18235233e+01 5.34759319e-02
1.20929330e+01 5.04001643e-02
1.23684815e+01 4.74994134e-02
1.26503086e+01 4.47638437e-02
1.29385574e+01 4.21841645e-02
1.32333741e+01 3.97516006e-02
1.35349086e+01 3.74578634e-02
1.38433138e+01 3.52951250e-02
1.41587463e+01 3.32559927e-02
1.44813662e+01 3.13334848e-02
1.48113372e+01 2.95210077e-02
1.51488270e+01 2.78123357e-02
1.54940068e+01 2.62015908e-02
1.58470518e+01 2.46832237e-02
1.62081413e+01 2.32519952e-02
1.65774585e+01 2.19029598e-02
1.69551910e+01 2.06314490e-02
1.73415304e+01 1.94330561e-02
1.77366729e+01 1.83036218e-02
1.81408191e+01 1.72392204e-02
1.85541742e+01 1.62361464e-02
1.89769479e+01 1.52909031e-02
1.94093549e+01 1.44001908e-02
1.98516146e+01 1.35608959e-02
2.03039517e+01 1.27700806e-02
2.07665957e+01 1.20249729e-02
2.12397814e+01 1.13229575e-02
2.17237492e+01 1.06615671e-02
2.22187445e+01 1.00384740e-02
2.27250188e+01 9.45148209e-03
2.32428290e+01 8.89851982e-03
2.37724380e+01 8.37763317e-03
2.43141145e+01 7.88697914e-03
2.48681337e+01 7.42481952e-03
2.54347767e+01 6.98951499e-03
2.60143312e+01 6.57951957e-03
2.66070914e+01 6.19337536e-03
2.72133582e+01 5.82970757e-03
2.78334392e+01 5.48721979e-03
2.84676494e+01 5.16468945e-03
2.91163107e+01 4.86096386e-03
2.97797523e+01 4.57495623e-03
3.04583110e+01 4.30564201e-03
3.11523313e+01 4.05205533e-03
3.18621654e+01 3.81328565e-03
3.25881738e+01 3.58847469e-03
3.33307249e+01 3.37681339e-03
3.40901958e+01 3.17753915e-03
3.48669719e+01 2.98993311e-03
3.56614475e+01 2.81331758e-03
3.64740260e+01 2.64705391e-03
3.73051198e+01 2.49054023e-03
3.81551508e+01 2.34320938e-03
3.90245506e+01 2.20452692e-03
3.99137604e+01 2.07398925e-03
4.08232317e+01 1.95112185e-03
4.17534261e+01 1.83547761e-03
4.27048159e+01 1.72663528e-03
4.36778839e+01 1.62419797e-03
4.46731241e+01 1.52779174e-03
4.56910419e+01 1.43706433e-03
4.67321538e+01 1.35168386e-03
4.77969883e+01 1.27133769e-03
4.88860861e+01 1.19573134e-03
5.00000000e+01 1.12458737e-03
