5.00000000e-04 1.94441428e+03
5.11392954e-04 1.98666918e+03
5.23045507e-04 2.02982235e+03
5.34963574e-04 2.07389168e+03
5.47153205e-04 2.11889535e+03
5.59620588e-04 2.16485184e+03
5.72372051e-04 2.21177994e+03
5.85414068e-04 2.25969873e+03
5.98753260e-04 2.30862759e+03
6.12396397e-04 2.35858627e+03
6.26350405e-04 2.40959474e+03
6.40622368e-04 2.46167323e+03
6.55219530e-04 2.51484229e+03
6.70149302e-04 2.56912277e+03
6.85419263e-04 2.62453586e+03
7.01037164e-04 2.68110297e+03
7.17010932e-04 2.73884583e+03
7.33348678e-04 2.79778650e+03
7.50058693e-04 2.85794733e+03
7.67149462e-04 2.91935092e+03
7.84629659e-04 2.98202004e+03
8.02508159e-04 3.04597779e+03
8.20794036e-04 3.11124758e+03
8.39496574e-04 3.17785309e+03
8.58625266e-04 3.24581818e+03
8.78189822e-04 3.31516702e+03
8.98200175e-04 3.38592405e+03
9.18666482e-04 3.45811398e+03
9.39599132e-04 3.53176163e+03
9.61008752e-04 3.60689194e+03
9.82906209e-04 3.68353014e+03
1.00530262e-03 3.76170168e+03
1.02820935e-03 3.84143214e+03
1.05163804e-03 3.92274709e+03
1.07560057e-03 4.00567230e+03
1.10010910e-03 4.09023374e+03
1.12517609e-03 4.17645749e+03
1.15081425e-03 4.26436952e+03
1.17703659e-03 4.35399583e+03
1.20385644e-03 4.44536255e+03
1.23128740e-03 4.53849592e+03
1.25934341e-03 4.63342207e+03
1.28803869e-03 4.73016706e+03
1.31738782e-03 4.82875696e+03
1.34740570e-03 4.92921789e+03
1.37810756e-03 5.03157579e+03
1.40950899e-03 5.13585608e+03
1.44162594e-03 5.24208400e+03
1.47447469e-03 5.35028470e+03
1.50807194e-03 5.46048319e+03
1.54243473e-03 5.57270403e+03
1.57758050e-03 5.68697145e+03
1.61352711e-03 5.80330946e+03
1.65029279e-03 5.92174180e+03
1.68789621e-03 6.04229155e+03
1.72635646e-03 6.16498087e+03
1.76569306e-03 6.28983146e+03
1.80592598e-03 6.41686457e+03
1.84707564e-03 6.54610089e+03
1.88916294e-03 6.67756023e+03
1.93220923e-03 6.81126172e+03
1.97623638e-03 6.94722383e+03
2.02126672e-03 7.08546436e+03
2.06732311e-03 7.22599983e+03
2.11442895e-03 7.36884544e+03
2.16260813e-03 7.51401551e+03
2.21188512e-03 7.66152345e+03
2.26228494e-03 7.81138148e+03
2.31383315e-03 7.96360032e+03
2.36655594e-03 8.11818948e+03
2.42048007e-03 8.27515730e+03
2.47563291e-03 8.43451085e+03
2.53204245e-03 8.59625530e+03
2.58973734e-03 8.76039417e+03
2.64874686e-03 8.92692949e+03
2.70910096e-03 9.09586180e+03
2.77083029e-03 9.26718958e+03
2.83396617e-03 9.44090897e+03
2.89854067e-03 9.61701425e+03
2.96458655e-03 9.79549790e+03
3.03213734e-03 9.97635026e+03
3.10122735e-03 1.01595588e+04
3.17189163e-03 1.03451085e+04
3.24416606e-03 1.05329823e+04
3.31808733e-03 1.07231607e+04
3.39369297e-03 1.09156211e+04
3.47102134e-03 1.11103379e+04
3.55011172e-03 1.13072825e+04
3.63100424e-03 1.15064241e+04
3.71373997e-03 1.17077284e+04
3.79836091e-03 1.19111570e+04
3.88491001e-03 1.21166683e+04
3.97343121e-03 1.23242176e+04
4.06396945e-03 1.25337571e+04
4.15657069e-03 1.27452344e+04
4.25128193e-03 1.29585931e+04
4.34815125e-03 1.31737735e+04
4.44722782e-03 1.33907122e+04
4.54856195e-03 1.36093417e+04
4.65220506e-03 1.38295898e+04
4.75820978e-03 1.40513803e+04
4.86662991e-03 1.42746334e+04
4.97752050e-03 1.44992639e+04
5.09093782e-03 1.47251762e+04
5.20693947e-03 1.49522682e+04
5.32558431e-03 1.51804333e+04
5.44693259e-03 1.54095608e+04
5.57104589e-03 1.56395431e+04
5.69798724e-03 1.58702756e+04
5.82782105e-03 1.61016500e+04
5.96061325e-03 1.63335543e+04
6.09643123e-03 1.65658596e+04
6.23534396e-03 1.67983977e+04
6.37742193e-03 1.70309893e+04
6.52273729e-03 1.72634480e+04
6.67136378e-03 1.74955834e+04
6.82337686e-03 1.77272163e+04
6.97885370e-03 1.79581712e+04
7.13787322e-03 1.81882679e+04
7.30051615e-03 1.84173218e+04
7.46686504e-03 1.86451446e+04
7.63700434e-03 1.88715452e+04
7.81102042e-03 1.90963285e+04
7.98900162e-03 1.93192954e+04
8.17103828e-03 1.95402376e+04
8.35722281e-03 1.97589179e+04
8.54764972e-03 1.99750874e+04
8.74241568e-03 2.01884924e+04
8.94161957e-03 2.03988742e+04
9.14536249e-03 2.06059615e+04
9.35374788e-03 2.08094713e+04
9.56688152e-03 2.10091164e+04
9.78487161e-03 2.12046060e+04
1.00078288e-02 2.13956422e+04
1.02358663e-02 2.15819141e+04
1.04690998e-02 2.17631068e+04
1.07076477e-02 2.19389030e+04
1.09516312e-02 2.21089830e+04
1.12011741e-02 2.22730140e+04
1.14564030e-02 2.24306571e+04
1.17174475e-02 2.25815735e+04
1.19844402e-02 2.27254247e+04
1.22575166e-02 2.28618597e+04
1.25368152e-02 2.29905092e+04
1.28224780e-02 2.31110048e+04
1.31146498e-02 2.32229821e+04
1.34134790e-02 2.33260774e+04
1.37191173e-02 2.34199156e+04
1.40317198e-02 2.35041236e+04
1.43514453e-02 2.35783360e+04
1.46784560e-02 2.36421960e+04
1.50129180e-02 2.36953413e+04
1.53550010e-02 2.37374083e+04
1.57048786e-02 2.37680457e+04
1.60627285e-02 2.37869175e+04
1.64287324e-02 2.37936976e+04
1.68030760e-02 2.37880632e+04
1.71859493e-02 2.37697087e+04
1.75775468e-02 2.37383497e+04
1.79780672e-02 2.36937239e+04
1.83877138e-02 2.36355892e+04
1.88066945e-02 2.35637277e+04
1.92352221e-02 2.34779490e+04
1.96735141e-02 2.33780916e+04
2.01217930e-02 2.32640332e+04
2.05802864e-02 2.31356952e+04
2.10492269e-02 2.29930320e+04
2.15288526e-02 2.28360319e+04
2.20194071e-02 2.26647281e+04
2.25211393e-02 2.24792373e+04
2.30343039e-02 2.22797226e+04
2.35591614e-02 2.20663802e+04
2.40959783e-02 2.18394441e+04
2.46450271e-02 2.15992573e+04
2.52065864e-02 2.13462534e+04
2.57809414e-02 2.10808929e+04
2.63683836e-02 2.08036592e+04
2.69692111e-02 2.05151207e+04
2.75837291e-02 2.02160098e+04
2.82122494e-02 1.99070859e+04
2.88550911e-02 1.95891096e+04
2.95125806e-02 1.92628679e+04
3.01850516e-02 1.89293565e+04
3.08728454e-02 1.85896485e+04
3.15763112e-02 1.82447833e+04
3.22958061e-02 1.78957667e+04
3.30316954e-02 1.75437079e+04
3.37843526e-02 1.71898565e+04
3.45541598e-02 1.68354045e+04
3.53415077e-02 1.64814705e+04
3.61467960e-02 1.61291824e+04
3.69704336e-02 1.57799340e+04
3.78128385e-02 1.54350984e+04
3.86744384e-02 1.50959339e+04
3.95556706e-02 1.47635759e+04
4.04569825e-02 1.44388757e+04
4.13788316e-02 1.41224595e+04
4.23216859e-02 1.38148828e+04
4.32860239e-02 1.35166413e+04
4.42723353e-02 1.32284412e+04
4.52811207e-02 1.29515287e+04
4.63128921e-02 1.26871185e+04
4.73681735e-02 1.24363143e+04
4.84475003e-02 1.21997751e+04
4.95514206e-02 1.19765239e+04
5.06804947e-02 1.17652022e+04
5.18352959e-02 1.15645431e+04
5.30164102e-02 1.13733535e+04
5.42244372e-02 1.11904896e+04
5.54599903e-02 1.10148721e+04
5.67236965e-02 1.08454700e+04
5.80161975e-02 1.06810226e+04
5.93381492e-02 1.05200835e+04
6.06902229e-02 1.03612774e+04
6.20731047e-02 1.02030236e+04
6.34874968e-02 1.00432879e+04
6.49341171e-02 9.88010454e+03
6.64136999e-02 9.71136966e+03
6.79269964e-02 9.53451365e+03
6.94747747e-02 9.34711620e+03
7.10578206e-02 9.14733263e+03
7.26769376e-02 8.93407062e+03
7.43329476e-02 8.70658489e+03
7.60266913e-02 8.46516081e+03
7.77590285e-02 8.21079528e+03
7.95308386e-02 7.94497762e+03
8.13430210e-02 7.67033632e+03
8.31964957e-02 7.38962668e+03
8.50922034e-02 7.10602290e+03
8.70311065e-02 6.82275174e+03
8.90141894e-02 6.54301369e+03
9.10424585e-02 6.26999138e+03
9.31169436e-02 6.00674946e+03
9.52386978e-02 5.75647978e+03
9.74087980e-02 5.52189557e+03
9.96283460e-02 5.30543742e+03
1.01898468e-01 5.10922396e+03
1.04220317e-01 4.93439250e+03
1.06595072e-01 4.78083147e+03
1.09023938e-01 4.64784189e+03
1.11508147e-01 4.53276155e+03
1.14048962e-01 4.43251089e+03
1.16647671e-01 4.34280836e+03
1.19305594e-01 4.25903362e+03
1.22024080e-01 4.17640826e+03
1.24804510e-01 4.09028146e+03
1.27648294e-01 3.99671379e+03
1.30556876e-01 3.89251516e+03
1.33531733e-01 3.77599257e+03
1.36574375e-01 3.64663363e+03
1.39686346e-01 3.50561597e+03
1.42869226e-01 3.35521263e+03
1.46124632e-01 3.19884386e+03
1.49454214e-01 3.04085876e+03
1.52859664e-01 2.88615169e+03
1.56342710e-01 2.74010059e+03
1.59905121e-01 2.60738411e+03
1.63548704e-01 2.49143132e+03
1.67275310e-01 2.39324019e+03
1.71086830e-01 2.31160313e+03
1.74985199e-01 2.24349066e+03
1.78972396e-01 2.18494100e+03
1.83050444e-01 2.13157412e+03
1.87221415e-01 2.07871735e+03
1.91487425e-01 2.02168330e+03
1.95850640e-01 1.95670414e+03
2.00313274e-01 1.88225659e+03
2.04877594e-01 1.79953604e+03
2.09545916e-01 1.71188720e+03
2.14320611e-01 1.62366380e+03
2.19204100e-01 1.53929189e+03
2.24198865e-01 1.46261873e+03
2.29307440e-01 1.39613878e+03
2.34532418e-01 1.34033043e+03
2.39876452e-01 1.29364969e+03
2.45342255e-01 1.25304320e+03
2.50932601e-01 1.21454302e+03
2.56650328e-01 1.17417450e+03
2.62498339e-01 1.12941369e+03
2.68479602e-01 1.08018066e+03
2.74597154e-01 1.02834318e+03
2.80854100e-01 9.76579330e+02
2.87253615e-01 9.27761347e+02
2.93798950e-01 8.84295645e+02
3.00493426e-01 8.46949008e+02
3.07340441e-01 8.14434106e+02
3.14343473e-01 7.84409013e+02
3.21506074e-01 7.54600986e+02
3.28831882e-01 7.23395580e+02
3.36324615e-01 6.90476657e+02
3.43988077e-01 6.57101181e+02
3.51826158e-01 6.25171218e+02
3.59842837e-01 5.95971247e+02
3.68042182e-01 5.69812413e+02
3.76428358e-01 5.46089741e+02
3.85005620e-01 5.23468495e+02
3.93778323e-01 5.00773155e+02
4.02750919e-01 4.77783745e+02
4.11927965e-01 4.55060741e+02
4.21314118e-01 4.33409020e+02
4.30914143e-01 4.13424517e+02
4.40732913e-01 3.94984598e+02
4.50775413e-01 3.77481656e+02
4.61046740e-01 3.60417292e+02
4.71552109e-01 3.43560359e+02
4.82296852e-01 3.27241171e+02
4.93286424e-01 3.11799005e+02
5.04526403e-01 2.97318891e+02
5.16022495e-01 2.83630258e+02
5.27780537e-01 2.70420542e+02
5.39806495e-01 2.57626758e+02
5.52106477e-01 2.45323936e+02
5.64686724e-01 2.33663918e+02
5.77553624e-01 2.22608812e+02
5.90713708e-01 2.12063136e+02
6.04173657e-01 2.01918987e+02
6.17940302e-01 1.92205634e+02
6.32020633e-01 1.82946247e+02
6.46421798e-01 1.74145311e+02
6.61151105e-01 1.65753515e+02
6.76216034e-01 1.57737852e+02
6.91624231e-01 1.50083657e+02
7.07383517e-01 1.42777192e+02
7.23501893e-01 1.35805033e+02
7.39987541e-01 1.29154083e+02
7.56848829e-01 1.22811575e+02
7.74094317e-01 1.16765084e+02
7.91732759e-01 1.11002529e+02
8.09773109e-01 1.05512175e+02
8.28224525e-01 1.00282484e+02
8.47096373e-01 9.53017253e+01
8.66398234e-01 9.05585221e+01
8.86139904e-01 8.60419985e+01
9.06331407e-01 8.17417567e+01
9.26982991e-01 7.76478571e+01
9.48105141e-01 7.37507987e+01
9.69708578e-01 7.00415005e+01
9.91804268e-01 6.65112839e+01
1.01440343e+00 6.31518555e+01
1.03751753e+00 5.99553349e+01
1.06115831e+00 5.69142657e+01
1.08533777e+00 5.40215131e+01
1.11006818e+00 5.12702428e+01
1.13536209e+00 4.86539099e+01
1.16123234e+00 4.61662479e+01
1.18769208e+00 4.38012588e+01
1.21475472e+00 4.15532028e+01
1.24243401e+00 3.94165884e+01
1.27074400e+00 3.73861625e+01
1.29969905e+00 3.54568872e+01
1.32931388e+00 3.36239349e+01
1.35960350e+00 3.18826954e+01
1.39058330e+00 3.02287671e+01
1.42226901e+00 2.86579487e+01
1.45467670e+00 2.71662303e+01
1.48782283e+00 2.57497853e+01
1.52172422e+00 2.44049630e+01
1.55639809e+00 2.31282808e+01
1.59186203e+00 2.19164170e+01
1.62813406e+00 2.07662050e+01
1.66523257e+00 1.96746256e+01
1.70317641e+00 1.86388001e+01
1.74198483e+00 1.76559847e+01
1.78167754e+00 1.67235637e+01
1.82227468e+00 1.58390450e+01
1.86379686e+00 1.50000536e+01
1.90626516e+00 1.42043270e+01
1.94970115e+00 1.34497103e+01
1.99412686e+00 1.27341506e+01
2.03956485e+00 1.20556925e+01
2.08603819e+00 1.14124741e+01
2.13357046e+00 1.08027231e+01
2.18218581e+00 1.02247527e+01
2.23190889e+00 9.67695791e+00
2.28276496e+00 9.15781132e+00
2.33477984e+00 8.66585996e+00
2.38797992e+00 8.19972170e+00
2.44239221e+00 7.75808197e+00
2.49804433e+00 7.33969035e+00
2.55496454e+00 6.94335741e+00
2.61318173e+00 6.56795240e+00
2.67272545e+00 6.21240053e+00
2.73362593e+00 5.87568031e+00
2.79591407e+00 5.55682104e+00
2.85962152e+00 5.25490038e+00
2.92478059e+00 4.96904206e+00
2.99142437e+00 4.69841366e+00
3.05958669e+00 4.44222449e+00
3.12930216e+00 4.19972353e+00
3.20060615e+00 3.97019754e+00
3.27353487e+00 3.75296927e+00
3.34812533e+00 3.54739577e+00
3.42441541e+00 3.35286672e+00
3.50244383e+00 3.16880278e+00
3.58225019e+00 2.99465413e+00
3.66387501e+00 2.82989899e+00
3.74735973e+00 2.67404228e+00
3.83274673e+00 2.52661422e+00
3.92007935e+00 2.38716900e+00
4.00940191e+00 2.25528368e+00
4.10075978e+00 2.13055717e+00
4.19419932e+00 2.01260907e+00
4.28976796e+00 1.90107872e+00
4.38751422e+00 1.79562412e+00
4.48748771e+00 1.69592108e+00
4.58973920e+00 1.60166225e+00
4.69432057e+00 1.51255633e+00
4.80128493e+00 1.42832719e+00
4.91068657e+00 1.34871318e+00
5.02258102e+00 1.27346631e+00
5.13702509e+00 1.20235164e+00
5.25407688e+00 1.13514655e+00
5.37379579e+00 1.07164015e+00
5.49624261e+00 1.01163267e+00
5.62147949e+00 9.54934877e-01
5.74957001e+00 9.01367557e-01
5.88057918e+00 8.50760977e-01
6.01457352e+00 8.02954384e-01
6.15162104e+00 7.57795526e-01
6.29179132e+00 7.15140256e-01
6.43515550e+00 6.74852118e-01
6.58178636e+00 6.36801943e-01
6.73175834e+00 6.00867474e-01
6.88514757e+00 5.66932999e-01
7.04203191e+00 5.34889014e-01
7.20249100e+00 5.04631893e-01
7.36660630e+00 4.76063583e-01
7.53446112e+00 4.49091305e-01
7.70614066e+00 4.23627275e-01
7.88173208e+00 3.99588452e-01
8.06132450e+00 3.76896280e-01
8.24500910e+00 3.55476461e-01
8.43287912e+00 3.35258718e-01
8.62502993e+00 3.16176590e-01
8.82155908e+00 2.98167227e-01
9.02256631e+00 2.81171197e-01
9.22815368e+00 2.65132300e-01
9.43842554e+00 2.49997397e-01
9.65348864e+00 2.35716245e-01
9.87345215e+00 2.22241348e-01
1.00984277e+01 2.09527812e-01
1.03285296e+01 1.97533199e-01
1.05638745e+01 1.86217404e-01
1.08045820e+01 1.75542521e-01
1.10507742e+01 1.65472728e-01
1.13025761e+01 1.55974177e-01
1.15601156e+01 1.47014880e-01
1.18235233e+01 1.38564612e-01
1.20929330e+01 1.30594818e-01
1.23684815e+01 1.23078519e-01
1.26503086e+01 1.15990230e-01
1.29385574e+01 1.09305878e-01
1.32333741e+01 1.03002725e-01
1.35349086e+01 9.70592939e-02
1.38433138e+01 9.14553013e-02
1.41587463e+01 8.61715916e-02
1.44813662e+01 8.11900741e-02
1.48113372e+01 7.64936637e-02
1.51488270e+01 7.20662287e-02
1.54940068e+01 6.78925383e-02
1.58470518e+01 6.39582127e-02
1.62081413e+01 6.02496771e-02
1.65774585e+01 5.67541164e-02
1.69551910e+01 5.34594338e-02
1.73415304e+01 5.03542110e-02
1.77366729e+01 4.74276708e-02
1.81408191e+01 4.46696403e-02
1.85541742e+01 4.20705187e-02
1.89769479e+01 3.96212453e-02
1.94093549e+01 3.73132701e-02
1.98516146e+01 3.51385252e-02
2.03039517e+01 3.30893982e-02
2.07665957e+01 3.11587065e-02
2.12397814e+01 2.93396736e-02
2.17237492e+01 2.76259062e-02
2.22187445e+01 2.60113729e-02
2.27250188e+01 2.44903834e-02
2.32428290e+01 2.30575700e-02
2.37724380e+01 2.17078694e-02
2.43141145e+01 2.04365064e-02
2.48681337e+01 1.92389769e-02
2.54347767e+01 1.81110332e-02
2.60143312e+01 1.70486695e-02
2.66070914e+01 1.60481082e-02
2.72133582e+01 1.51057868e-02
2.78334392e+01 1.42183463e-02
2.84676494e+01 1.33826188e-02
2.91163107e+01 1.25956173e-02
2.97797523e+01 1.18545259e-02
3.04583110e+01 1.11566897e-02
3.11523313e+01 1.04996060e-02
3.18621654e+01 9.88091546e-03
3.25881738e+01 9.29839410e-03
3.33307249e+01 8.74994552e-03
3.40901958e+01 8.23359372e-03
3.48669719e+01 7.74747598e-03
3.56614475e+01 7.28983636e-03
3.64740260e+01 6.85901998e-03
3.73051198e+01 6.45346735e-03
3.81551508e+01 6.07170887e-03
3.90245506e+01 5.71235972e-03
3.99137604e+01 5.37411499e-03
4.08232317e+01 5.05574514e-03
4.17534261e+01 4.75609165e-03
4.27048159e+01 4.47406298e-03
4.36778839e+01 4.20863071e-03
4.46731241e+01 3.95882595e-03
4.56910419e+01 3.72373590e-03
4.67321538e+01 3.50250062e-03
4.77969883e+01 3.29431004e-03
4.88860861e+01 3.09840105e-03
5.00000000e+01 2.91405482e-03
