5.00000000e-04 1.03553252e+03
5.11392954e-04 1.05804489e+03
5.23045507e-04 1.08103615e+03
5.34963574e-04 1.10451585e+03
5.47153205e-04 1.12849371e+03
5.59620588e-04 1.15297961e+03
5.72372051e-04 1.17798353e+03
5.85414068e-04 1.20351564e+03
5.98753260e-04 1.22958624e+03
6.12396397e-04 1.25620580e+03
6.26350405e-04 1.28338497e+03
6.40622368e-04 1.31113450e+03
6.55219530e-04 1.33946535e+03
6.70149302e-04 1.36838862e+03
6.85419263e-04 1.39791558e+03
7.01037164e-04 1.42805763e+03
7.17010932e-04 1.45882633e+03
7.33348678e-04 1.49023341e+03
7.50058693e-04 1.52229076e+03
7.67149462e-04 1.55501039e+03
7.84629659e-04 1.58840440e+03
8.02508159e-04 1.62248509e+03
8.20794036e-04 1.65726488e+03
8.39496574e-04 1.69275636e+03
8.58625266e-04 1.72897222e+03
8.78189822e-04 1.76592531e+03
8.98200175e-04 1.80362860e+03
9.18666482e-04 1.84209524e+03
9.39599132e-04 1.88133842e+03
9.61008752e-04 1.92137139e+03
9.82906209e-04 1.96220755e+03
1.00530262e-03 2.00386045e+03
1.02820935e-03 2.04634368e+03
1.05163804e-03 2.08967092e+03
1.07560057e-03 2.13385592e+03
1.10010910e-03 2.17891256e+03
1.12517609e-03 2.22485478e+03
1.15081425e-03 2.27169645e+03
1.17703659e-03 2.31945146e+03
1.20385644e-03 2.36813376e+03
1.23128740e-03 2.41775738e+03
1.25934341e-03 2.46833625e+03
1.28803869e-03 2.51988421e+03
1.31738782e-03 2.57241511e+03
1.34740570e-03 2.62594284e+03
1.37810756e-03 2.68048119e+03
1.40950899e-03 2.73604377e+03
1.44162594e-03 2.79264410e+03
1.47447469e-03 2.85029566e+03
1.50807194e-03 2.90901187e+03
1.54243473e-03 2.96880577e+03
1.57758050e-03 3.02969019e+03
1.61352711e-03 3.09167780e+03
1.65029279e-03 3.15478115e+03
1.68789621e-03 3.21901249e+03
1.72635646e-03 3.28438373e+03
1.76569306e-03 3.35090652e+03
1.80592598e-03 3.41859231e+03
1.84707564e-03 3.48745221e+03
1.88916294e-03 3.55749678e+03
1.93220923e-03 3.62873620e+03
1.97623638e-03 3.70118028e+03
2.02126672e-03 3.77483848e+03
2.06732311e-03 3.84971959e+03
2.11442895e-03 3.92583177e+03
2.16260813e-03 4.00318268e+03
2.21188512e-03 4.08177950e+03
2.26228494e-03 4.16162880e+03
2.31383315e-03 4.24273632e+03
2.36655594e-03 4.32510716e+03
2.42048007e-03 4.40874580e+03
2.47563291e-03 4.49365603e+03
2.53204245e-03 4.57984064e+03
2.58973734e-03 4.66730145e+03
2.64874686e-03 4.75603954e+03
2.70910096e-03 4.84605518e+03
2.77083029e-03 4.93734756e+03
2.83396617e-03 5.02991471e+03
2.89854067e-03 5.12375368e+03
2.96458655e-03 5.21886053e+03
3.03213734e-03 5.31523023e+03
3.10122735e-03 5.41285609e+03
3.17189163e-03 5.51173014e+03
3.24416606e-03 5.61184324e+03
3.31808733e-03 5.71318503e+03
3.39369297e-03 5.81574354e+03
3.47102134e-03 5.91950513e+03
3.55011172e-03 6.02445480e+03
3.63100424e-03 6.13057616e+03
3.71373997e-03 6.23785109e+03
3.79836091e-03 6.34625914e+03
3.88491001e-03 6.45577814e+03
3.97343121e-03 6.56638435e+03
4.06396945e-03 6.67805226e+03
4.15657069e-03 6.79075401e+03
4.25128193e-03 6.90445961e+03
4.34815125e-03 7.01913724e+03
4.44722782e-03 7.13475324e+03
4.54856195e-03 7.25127168e+03
4.65220506e-03 7.36865412e+03
4.75820978e-03 7.48686007e+03
4.86662991e-03 7.60584706e+03
4.97752050e-03 7.72556976e+03
5.09093782e-03 7.84597719e+03
5.20693947e-03 7.96701492e+03
5.32558431e-03 8.08862615e+03
5.44693259e-03 8.21075185e+03
5.57104589e-03 8.33333489e+03
5.69798724e-03 8.45631975e+03
5.82782105e-03 8.57964910e+03
5.96061325e-03 8.70326361e+03
6.09643123e-03 8.82709472e+03
6.23534396e-03 8.95105274e+03
6.37742193e-03 9.07504170e+03
6.52273729e-03 9.19896209e+03
6.67136378e-03 9.32271208e+03
6.82337686e-03 9.44619626e+03
6.97885370e-03 9.56932138e+03
7.13787322e-03 9.69199174e+03
7.30051615e-03 9.81410917e+03
7.46686504e-03 9.93557349e+03
7.63700434e-03 1.00562827e+04
7.81102042e-03 1.01761328e+04
7.98900162e-03 1.02950175e+04
8.17103828e-03 1.04128256e+04
8.35722281e-03 1.05294312e+04
8.54764972e-03 1.06447016e+04
8.74241568e-03 1.07585020e+04
8.94161957e-03 1.08706949e+04
9.14536249e-03 1.09811357e+04
9.35374788e-03 1.10896731e+04
9.56688152e-03 1.11961539e+04
9.78487161e-03 1.13004227e+04
1.00078288e-02 1.14023204e+04
1.02358663e-02 1.15016817e+04
1.04690998e-02 1.15983389e+04
1.07076477e-02 1.16921233e+04
1.09516312e-02 1.17828646e+04
1.12011741e-02 1.18703856e+04
1.14564030e-02 1.19545054e+04
1.17174475e-02 1.20350434e+04
1.19844402e-02 1.21118189e+04
1.22575166e-02 1.21846448e+04
1.25368152e-02 1.22533242e+04
1.28224780e-02 1.23176608e+04
1.31146498e-02 1.23774601e+04
1.34134790e-02 1.24325283e+04
1.37191173e-02 1.24826654e+04
1.40317198e-02 1.25276727e+04
1.43514453e-02 1.25673553e+04
1.46784560e-02 1.26015232e+04
1.50129180e-02 1.26299829e+04
1.53550010e-02 1.26525402e+04
1.57048786e-02 1.26690076e+04
1.60627285e-02 1.26792053e+04
1.64287324e-02 1.26829594e+04
1.68030760e-02 1.26800976e+04
1.71859493e-02 1.26704572e+04
1.75775468e-02 1.26538864e+04
1.79780672e-02 1.26302455e+04
1.83877138e-02 1.25994048e+04
1.88066945e-02 1.25612478e+04
1.92352221e-02 1.25156720e+04
1.96735141e-02 1.24625908e+04
2.01217930e-02 1.24019387e+04
2.05802864e-02 1.23336735e+04
2.10492269e-02 1.22577711e+04
2.15288526e-02 1.21742250e+04
2.20194071e-02 1.20830529e+04
2.25211393e-02 1.19843164e+04
2.30343039e-02 1.18781018e+04
2.35591614e-02 1.17645132e+04
2.40959783e-02 1.16436748e+04
2.46450271e-02 1.15157689e+04
2.52065864e-02 1.13810265e+04
2.57809414e-02 1.12396928e+04
2.63683836e-02 1.10920252e+04
2.69692111e-02 1.09383265e+04
2.75837291e-02 1.07789870e+04
2.82122494e-02 1.06144112e+04
2.88550911e-02 1.04450045e+04
2.95125806e-02 1.02711862e+04
3.01850516e-02 1.00934871e+04
3.08728454e-02 9.91247920e+03
3.15763112e-02 9.72871651e+03
3.22958061e-02 9.54273516e+03
3.30316954e-02 9.35512662e+03
3.37843526e-02 9.16655705e+03
3.45541598e-02 8.97766204e+03
3.53415077e-02 8.78903808e+03
3.61467960e-02 8.60128668e+03
3.69704336e-02 8.41515102e+03
3.78128385e-02 8.23136356e+03
3.86744384e-02 8.05059528e+03
3.95556706e-02 7.87345186e+03
4.04569825e-02 7.70038744e+03
4.13788316e-02 7.53173599e+03
4.23216859e-02 7.36779403e+03
4.32860239e-02 7.20882598e+03
4.42723353e-02 7.05520872e+03
4.52811207e-02 6.90760711e+03
4.63128921e-02 6.76666931e+03
4.73681735e-02 6.63298427e+03
4.84475003e-02 6.50690386e+03
4.95514206e-02 6.38790710e+03
5.06804947e-02 6.27526968e+03
5.18352959e-02 6.16831604e+03
5.30164102e-02 6.06640999e+03
5.42244372e-02 5.96894170e+03
5.54599903e-02 5.87533573e+03
5.67236965e-02 5.78504230e+03
5.80161975e-02 5.69738915e+03
5.93381492e-02 5.61160472e+03
6.06902229e-02 5.52695546e+03
6.20731047e-02 5.44259815e+03
6.34874968e-02 5.35744788e+03
6.49341171e-02 5.27045602e+03
6.64136999e-02 5.18050023e+03
6.79269964e-02 5.08620944e+03
6.94747747e-02 4.98629216e+03
7.10578206e-02 4.87976426e+03
7.26769376e-02 4.76604340e+03
7.43329476e-02 4.64473233e+03
7.60266913e-02 4.51598281e+03
7.77590285e-02 4.38032581e+03
7.95308386e-02 4.23855533e+03
8.13430210e-02 4.09207411e+03
8.31964957e-02 3.94235263e+03
8.50922034e-02 3.79108420e+03
8.70311065e-02 3.63998988e+03
8.90141894e-02 3.49077711e+03
9.10424585e-02 3.34514413e+03
9.31169436e-02 3.20472632e+03
9.52386978e-02 3.07122688e+03
9.74087980e-02 2.94609366e+03
9.96283460e-02 2.83062896e+03
1.01898468e-01 2.72596329e+03
1.04220317e-01 2.63270366e+03
1.06595072e-01 2.55079094e+03
1.09023938e-01 2.47985253e+03
1.11508147e-01 2.41846828e+03
1.14048962e-01 2.36499531e+03
1.16647671e-01 2.31714939e+03
1.19305594e-01 2.27246549e+03
1.22024080e-01 2.22839398e+03
1.24804510e-01 2.18245323e+03
1.27648294e-01 2.13254129e+03
1.30556876e-01 2.07695609e+03
1.33531733e-01 2.01479407e+03
1.36574375e-01 1.94578160e+03
1.39686346e-01 1.87054715e+03
1.42869226e-01 1.79030370e+03
1.46124632e-01 1.70687637e+03
1.49454214e-01 1.62258541e+03
1.52859664e-01 1.54004207e+03
1.56342710e-01 1.46211685e+03
1.59905121e-01 1.39130635e+03
1.63548704e-01 1.32943960e+03
1.67275310e-01 1.27705013e+03
1.71086830e-01 1.23349370e+03
1.74985199e-01 1.19715302e+03
1.78972396e-01 1.16591506e+03
1.83050444e-01 1.13744247e+03
1.87221415e-01 1.10924156e+03
1.91487425e-01 1.07881164e+03
1.95850640e-01 1.04414142e+03
2.00313274e-01 1.00441812e+03
2.04877594e-01 9.60279649e+02
2.09545916e-01 9.13511015e+02
2.14320611e-01 8.66435742e+02
2.19204100e-01 8.21414887e+02
2.24198865e-01 7.80502071e+02
2.29307440e-01 7.45028507e+02
2.34532418e-01 7.15249328e+02
2.39876452e-01 6.90340796e+02
2.45342255e-01 6.68673627e+02
2.50932601e-01 6.48130127e+02
2.56650328e-01 6.26589512e+02
2.62498339e-01 6.02704796e+02
2.68479602e-01 5.76433263e+02
2.74597154e-01 5.48771920e+02
2.80854100e-01 5.21149391e+02
2.87253615e-01 4.95098955e+02
2.93798950e-01 4.71904539e+02
3.00493426e-01 4.51975460e+02
3.07340441e-01 4.34624750e+02
3.14343473e-01 4.18602599e+02
3.21506074e-01 4.02696247e+02
3.28831882e-01 3.86043987e+02
3.36324615e-01 3.68477371e+02
3.43988077e-01 3.50666921e+02
3.51826158e-01 3.33627838e+02
3.59842837e-01 3.18045521e+02
3.68042182e-01 3.04086129e+02
3.76428358e-01 2.91426755e+02
3.85005620e-01 2.79355028e+02
3.93778323e-01 2.67243793e+02
4.02750919e-01 2.54975607e+02
4.11927965e-01 2.42849490e+02
4.21314118e-01 2.31295014e+02
4.30914143e-01 2.20630342e+02
4.40732913e-01 2.10789820e+02
4.50775413e-01 2.01449320e+02
4.61046740e-01 1.92342884e+02
4.71552109e-01 1.83347082e+02
4.82296852e-01 1.74638227e+02
4.93286424e-01 1.66397417e+02
5.04526403e-01 1.58669973e+02
5.16022495e-01 1.51364924e+02
5.27780537e-01 1.44315424e+02
5.39806495e-01 1.37487877e+02
5.52106477e-01 1.30922334e+02
5.64686724e-01 1.24699826e+02
5.77553624e-01 1.18800116e+02
5.90713708e-01 1.13172272e+02
6.04173657e-01 1.07758698e+02
6.17940302e-01 1.02575038e+02
6.32020633e-01 9.76335942e+01
6.46421798e-01 9.29368254e+01
6.61151105e-01 8.84583858e+01
6.76216034e-01 8.41806759e+01
6.91624231e-01 8.00958690e+01
7.07383517e-01 7.61966332e+01
7.23501893e-01 7.24758047e+01
7.39987541e-01 6.89263930e+01
7.56848829e-01 6.55415857e+01
7.74094317e-01 6.23147514e+01
7.91732759e-01 5.92394426e+01
8.09773109e-01 5.63093972e+01
8.28224525e-01 5.35184578e+01
8.47096373e-01 5.08603637e+01
8.66398234e-01 4.83290444e+01
8.86139904e-01 4.59186958e+01
9.06331407e-01 4.36237693e+01
9.26982991e-01 4.14389605e+01
9.48105141e-01 3.93591994e+01
9.69708578e-01 3.73796397e+01
9.91804268e-01 3.54956502e+01
1.01440343e+00 3.37028050e+01
1.03751753e+00 3.19968988e+01
1.06115831e+00 3.03739524e+01
1.08533777e+00 2.88301582e+01
1.11006818e+00 2.73618692e+01
1.13536209e+00 2.59655925e+01
1.16123234e+00 2.46379840e+01
1.18769208e+00 2.33758427e+01
1.21475472e+00 2.21761055e+01
1.24243401e+00 2.10358419e+01
1.27074400e+00 1.99522484e+01
1.29969905e+00 1.89226364e+01
1.32931388e+00 1.79444296e+01
1.35960350e+00 1.70151677e+01
1.39058330e+00 1.61325017e+01
1.42226901e+00 1.52941893e+01
1.45467670e+00 1.44980906e+01
1.48782283e+00 1.37421636e+01
1.52172422e+00 1.30244599e+01
1.55639809e+00 1.23431208e+01
1.59186203e+00 1.16963739e+01
1.62813406e+00 1.10825291e+01
1.66523257e+00 1.04999751e+01
1.70317641e+00 9.94717573e+00
1.74198483e+00 9.42266661e+00
1.78167754e+00 8.92505197e+00
1.82227468e+00 8.45300167e+00
1.86379686e+00 8.00524833e+00
1.90626516e+00 7.58058455e+00
1.94970115e+00 7.17786020e+00
1.99412686e+00 6.79597982e+00
2.03956485e+00 6.43389978e+00
2.08603819e+00 6.09062645e+00
2.13357046e+00 5.76521400e+00
2.18218581e+00 5.45676225e+00
2.23190889e+00 5.16441456e+00
2.28276496e+00 4.88735585e+00
2.33477984e+00 4.62481070e+00
2.38797992e+00 4.37604148e+00
2.44239221e+00 4.14034665e+00
2.49804433e+00 3.91705887e+00
2.55496454e+00 3.70554337e+00
2.61318173e+00 3.50519671e+00
2.67272545e+00 3.31544528e+00
2.73362593e+00 3.13574394e+00
2.79591407e+00 2.96557465e+00
2.85962152e+00 2.80444517e+00
2.92478059e+00 2.65188785e+00
2.99142437e+00 2.50745846e+00
3.05958669e+00 2.37073501e+00
3.12930216e+00 2.24131671e+00
3.20060615e+00 2.11882289e+00
3.27353487e+00 2.00289215e+00
3.34812533e+00 1.89318134e+00
3.42441541e+00 1.78936474e+00
3.50244383e+00 1.69113319e+00
3.58225019e+00 1.59819323e+00
3.66387501e+00 1.51026643e+00
3.74735973e+00 1.42708855e+00
3.83274673e+00 1.34840888e+00
3.92007935e+00 1.27398952e+00
4.00940191e+00 1.20360473e+00
4.10075978e+00 1.13704045e+00
4.19419932e+00 1.07409369e+00
4.28976796e+00 1.01457196e+00
4.38751422e+00 9.58292741e-01
4.48748771e+00 9.05083015e-01
4.58973920e+00 8.54778763e-01
4.69432057e+00 8.07224515e-01
4.80128493e+00 7.62272916e-01
4.91068657e+00 7.19784318e-01
5.02258102e+00 6.79626387e-01
5.13702509e+00 6.41673733e-01
5.25407688e+00 6.05807555e-01
5.37379579e+00 5.71915304e-01
5.49624261e+00 5.39890366e-01
5.62147949e+00 5.09631754e-01
5.74957001e+00 4.81043823e-01
5.88057918e+00 4.54035989e-01
6.01457352e+00 4.28522463e-01
6.15162104e+00 4.04421989e-01
6.29179132e+00 3.81657637e-01
6.43515550e+00 3.60156581e-01
6.58178636e+00 3.39849887e-01
6.73175834e+00 3.20672306e-01
6.88514757e+00 3.02562086e-01
7.04203191e+00 2.85460784e-01
7.20249100e+00 2.69313099e-01
7.36660630e+00 2.54066701e-01
7.53446112e+00 2.39672074e-01
7.70614066e+00 2.26082372e-01
7.88173208e+00 2.13253276e-01
8.06132450e+00 2.01142864e-01
8.24500910e+00 1.89711483e-01
8.43287912e+00 1.78921630e-01
8.62502993e+00 1.68737834e-01
8.82155908e+00 1.59126555e-01
9.02256631e+00 1.50056072e-01
9.22815368e+00 1.41496397e-01
9.43842554e+00 1.33419167e-01
9.65348864e+00 1.25797568e-01
9.87345215e+00 1.18606255e-01
1.00984277e+01 1.11821265e-01
1.03285296e+01 1.05419953e-01
1.05638745e+01 9.93809135e-02
1.08045820e+01 9.36839173e-02
1.10507742e+01 8.83098471e-02
1.13025761e+01 8.32406380e-02
1.15601156e+01 7.84592194e-02
1.18235233e+01 7.39494608e-02
1.20929330e+01 6.96961221e-02
1.23684815e+01 6.56848057e-02
1.26503086e+01 6.19019109e-02
1.29385574e+01 5.83345902e-02
1.32333741e+01 5.49707084e-02
1.35349086e+01 5.17988040e-02
1.38433138e+01 4.88080521e-02
1.41587463e+01 4.59882295e-02
1.44813662e+01 4.33296817e-02
1.48113372e+01 4.08232905e-02
1.51488270e+01 3.84604468e-02
1.54940068e+01 3.62330221e-02
1.58470518e+01 3.41333422e-02
1.62081413e+01 3.21541624e-02
1.65774585e+01 3.02886435e-02
1.69551910e+01 2.85303296e-02
1.73415304e+01 2.68731271e-02
1.77366729e+01 2.53112843e-02
1.81408191e+01 2.38393721e-02
1.85541742e+01 2.24522668e-02
1.89769479e+01 2.11451329e-02
1.94093549e+01 1.99134073e-02
1.98516146e+01 1.87527846e-02
2.03039517e+01 1.76592019e-02
2.07665957e+01 1.66288261e-02
2.12397814e+01 1.56580408e-02
2.17237492e+01 1.47434338e-02
2.22187445e+01 1.38817865e-02
2.27250188e+01 1.30700618e-02
2.32428290e+01 1.23053952e-02
2.37724380e+01 1.15850844e-02
2.43141145e+01 1.09065810e-02
2.48681337e+01 1.02674812e-02
2.54347767e+01 9.66551798e-03
2.60143312e+01 9.09855360e-03
2.66070914e+01 8.56457195e-03
2.72133582e+01 8.06167191e-03
2.78334392e+01 7.58806072e-03
2.84676494e+01 7.14204777e-03
2.91163107e+01 6.72203903e-03
2.97797523e+01 6.32653166e-03
3.04583110e+01 5.95410884e-03
3.11523313e+01 5.60343492e-03
3.18621654e+01 5.27325077e-03
3.25881738e+01 4.96236949e-03
3.33307249e+01 4.66967229e-03
3.40901958e+01 4.39410460e-03
3.48669719e+01 4.13467233e-03
3.56614475e+01 3.89043835e-03
3.64740260e+01 3.66051949e-03
3.73051198e+01 3.44408345e-03
3.81551508e+01 3.24034595e-03
3.90245506e+01 3.04856791e-03
3.99137604e+01 2.86805293e-03
4.08232317e+01 2.69814481e-03
4.17534261e+01 2.53822529e-03
4.27048159e+01 2.38771182e-03
4.36778839e+01 2.24605556e-03
4.46731241e+01 2.11273941e-03
4.56910419e+01 1.98727624e-03
4.67321538e+01 1.86920711e-03
4.77969883e+01 1.75809970e-03
4.88860861e+01 1.65354675e-03
5.00000000e+01 1.55516464e-03
