5.00000000e-04 2.83709519e+00
5.11392954e-04 2.89913871e+00
5.23045507e-04 2.96252468e+00
5.34963574e-04 3.02728111e+00
5.47153205e-04 3.09343653e+00
5.59620588e-04 3.16102007e+00
5.72372051e-04 3.23006132e+00
5.85414068e-04 3.30059044e+00
5.98753260e-04 3.37263817e+00
6.12396397e-04 3.44623583e+00
6.26350405e-04 3.52141521e+00
6.40622368e-04 3.59820856e+00
6.55219530e-04 3.67664869e+00
6.70149302e-04 3.75676901e+00
6.85419263e-04 3.83860353e+00
7.01037164e-04 3.92218673e+00
7.17010932e-04 4.00755370e+00
7.33348678e-04 4.09474011e+00
7.50058693e-04 4.18378229e+00
7.67149462e-04 4.27471692e+00
7.84629659e-04 4.36758114e+00
8.02508159e-04 4.46241264e+00
8.20794036e-04 4.55924977e+00
8.39496574e-04 4.65813136e+00
8.58625266e-04 4.75909663e+00
8.78189822e-04 4.86218532e+00
8.98200175e-04 4.96743778e+00
9.18666482e-04 5.07489494e+00
9.39599132e-04 5.18459797e+00
9.61008752e-04 5.29658845e+00
9.82906209e-04 5.41090852e+00
1.00530262e-03 5.52760087e+00
1.02820935e-03 5.64670843e+00
1.05163804e-03 5.76827420e+00
1.07560057e-03 5.89234160e+00
1.10010910e-03 6.01895456e+00
1.12517609e-03 6.14815733e+00
1.15081425e-03 6.27999406e+00
1.17703659e-03 6.41450908e+00
1.20385644e-03 6.55174711e+00
1.23128740e-03 6.69175320e+00
1.25934341e-03 6.83457214e+00
1.28803869e-03 6.98024844e+00
1.31738782e-03 7.12882680e+00
1.34740570e-03 7.28035211e+00
1.37810756e-03 7.43486908e+00
1.40950899e-03 7.59242159e+00
1.44162594e-03 7.75305338e+00
1.47447469e-03 7.91680816e+00
1.50807194e-03 8.08372945e+00
1.54243473e-03 8.25385959e+00
1.57758050e-03 8.42724008e+00
1.61352711e-03 8.60391214e+00
1.65029279e-03 8.78391656e+00
1.68789621e-03 8.96729307e+00
1.72635646e-03 9.15407977e+00
1.76569306e-03 9.34431404e+00
1.80592598e-03 9.53803253e+00
1.84707564e-03 9.73527079e+00
1.88916294e-03 9.93606191e+00
1.93220923e-03 1.01404375e+01
1.97623638e-03 1.03484279e+01
2.02126672e-03 1.05600622e+01
2.06732311e-03 1.07753669e+01
2.11442895e-03 1.09943659e+01
2.16260813e-03 1.12170813e+01
2.21188512e-03 1.14435335e+01
2.26228494e-03 1.16737406e+01
2.31383315e-03 1.19077173e+01
2.36655594e-03 1.21454761e+01
2.42048007e-03 1.23870271e+01
2.47563291e-03 1.26323780e+01
2.53204245e-03 1.28815324e+01
2.58973734e-03 1.31344905e+01
2.64874686e-03 1.33912495e+01
2.70910096e-03 1.36518037e+01
2.77083029e-03 1.39161437e+01
2.83396617e-03 1.41842568e+01
2.89854067e-03 1.44561264e+01
2.96458655e-03 1.47317326e+01
3.03213734e-03 1.50110517e+01
3.10122735e-03 1.52940564e+01
3.17189163e-03 1.55807153e+01
3.24416606e-03 1.58709928e+01
3.31808733e-03 1.61648497e+01
3.39369297e-03 1.64622424e+01
3.47102134e-03 1.67631239e+01
3.55011172e-03 1.70674424e+01
3.63100424e-03 1.73751419e+01
3.71373997e-03 1.76861624e+01
3.79836091e-03 1.80004413e+01
3.88491001e-03 1.83179119e+01
3.97343121e-03 1.86385027e+01
4.06396945e-03 1.89621374e+01
4.15657069e-03 1.92887342e+01
4.25128193e-03 1.96182061e+01
4.34815125e-03 1.99504609e+01
4.44722782e-03 2.02854014e+01
4.54856195e-03 2.06229275e+01
4.65220506e-03 2.09629376e+01
4.75820978e-03 2.13053255e+01
4.86662991e-03 2.16499799e+01
4.97752050e-03 2.19967801e+01
5.09093782e-03 2.23455788e+01
5.20693947e-03 2.26962163e+01
5.32558431e-03 2.30485253e+01
5.44693259e-03 2.34023339e+01
5.57104589e-03 2.37575060e+01
5.69798724e-03 2.41139382e+01
5.82782105e-03 2.44715265e+01
5.96061325e-03 2.48301642e+01
6.09643123e-03 2.51896876e+01
6.23534396e-03 2.55497859e+01
6.37742193e-03 2.59101132e+01
6.52273729e-03 2.62703090e+01
6.67136378e-03 2.66300099e+01
6.82337686e-03 2.69889361e+01
6.97885370e-03 2.73468492e+01
7.13787322e-03 2.77035057e+01
7.30051615e-03 2.80586564e+01
7.46686504e-03 2.84120279e+01
7.63700434e-03 2.87633131e+01
7.81102042e-03 2.91121958e+01
7.98900162e-03 2.94583526e+01
8.17103828e-03 2.98014481e+01
8.35722281e-03 3.01411140e+01
8.54764972e-03 3.04769674e+01
8.74241568e-03 3.08086182e+01
8.94161957e-03 3.11356688e+01
9.14536249e-03 3.14577055e+01
9.35374788e-03 3.17743001e+01
9.56688152e-03 3.20850180e+01
9.78487161e-03 3.23894194e+01
1.00078288e-02 3.26870541e+01
1.02358663e-02 3.29774532e+01
1.04690998e-02 3.32601417e+01
1.07076477e-02 3.35346415e+01
1.09516312e-02 3.38004696e+01
1.12011741e-02 3.40571162e+01
1.14564030e-02 3.43040580e+01
1.17174475e-02 3.45407714e+01
1.19844402e-02 3.47667332e+01
1.22575166e-02 3.49813986e+01
1.25368152e-02 3.51841909e+01
1.28224780e-02 3.53745349e+01
1.31146498e-02 3.55518603e+01
1.34134790e-02 3.57155973e+01
1.37191173e-02 3.58651546e+01
1.40317198e-02 3.59999425e+01
1.43514453e-02 3.61193833e+01
1.46784560e-02 3.62229123e+01
1.50129180e-02 3.63099664e+01
1.53550010e-02 3.63799888e+01
1.57048786e-02 3.64324424e+01
1.60627285e-02 3.64668126e+01
1.64287324e-02 3.64826029e+01
1.68030760e-02 3.64793277e+01
1.71859493e-02 3.64565283e+01
1.75775468e-02 3.64137782e+01
1.79780672e-02 3.63506804e+01
1.83877138e-02 3.62668366e+01
1.88066945e-02 3.61618695e+01
1.92352221e-02 3.60354441e+01
1.96735141e-02 3.58872708e+01
2.01217930e-02 3.57171444e+01
2.05802864e-02 3.55249595e+01
2.10492269e-02 3.53106640e+01
2.15288526e-02 3.50742566e+01
2.20194071e-02 3.48157995e+01
2.25211393e-02 3.45354571e+01
2.30343039e-02 3.42334586e+01
2.35591614e-02 3.39100851e+01
2.40959783e-02 3.35656769e+01
2.46450271e-02 3.32007509e+01
2.52065864e-02 3.28159707e+01
2.57809414e-02 3.24120414e+01
2.63683836e-02 3.19897044e+01
2.69692111e-02 3.15498308e+01
2.75837291e-02 3.10935427e+01
2.82122494e-02 3.06220039e+01
2.88550911e-02 3.01363810e+01
2.95125806e-02 2.96378817e+01
3.01850516e-02 2.91280369e+01
3.08728454e-02 2.86084975e+01
3.15763112e-02 2.80808632e+01
3.22958061e-02 2.75466827e+01
3.30316954e-02 2.70076630e+01
3.37843526e-02 2.64657254e+01
3.45541598e-02 2.59227037e+01
3.53415077e-02 2.53803197e+01
3.61467960e-02 2.48403113e+01
3.69704336e-02 2.43048303e+01
3.78128385e-02 2.37759985e+01
3.86744384e-02 2.32557610e+01
3.95556706e-02 2.27458743e+01
4.04569825e-02 2.22476571e+01
4.13788316e-02 2.17620805e+01
4.23216859e-02 2.12900076e+01
4.32860239e-02 2.08322087e+01
4.42723353e-02 2.03897774e+01
4.52811207e-02 1.99646358e+01
4.63128921e-02 1.95586578e+01
4.73681735e-02 1.91735471e+01
4.84475003e-02 1.88103242e+01
4.95514206e-02 1.84674936e+01
5.06804947e-02 1.81429732e+01
5.18352959e-02 1.78348205e+01
5.30164102e-02 1.75412048e+01
5.42244372e-02 1.72603674e+01
5.54599903e-02 1.69906476e+01
5.67236965e-02 1.67304584e+01
5.80161975e-02 1.64778579e+01
5.93381492e-02 1.62306157e+01
6.06902229e-02 1.59866110e+01
6.20731047e-02 1.57434059e+01
6.34874968e-02 1.54978637e+01
6.49341171e-02 1.52469522e+01
6.64136999e-02 1.49874258e+01
6.79269964e-02 1.47153192e+01
6.94747747e-02 1.44268971e+01
7.10578206e-02 1.41193118e+01
7.26769376e-02 1.37908774e+01
7.43329476e-02 1.34404426e+01
7.60266913e-02 1.30684449e+01
7.77590285e-02 1.26764183e+01
7.95308386e-02 1.22666584e+01
8.13430210e-02 1.18432215e+01
8.31964957e-02 1.14103606e+01
8.50922034e-02 1.09729754e+01
8.70311065e-02 1.05360473e+01
8.90141894e-02 1.01045203e+01
9.10424585e-02 9.68331421e+00
9.31169436e-02 9.27716569e+00
9.52386978e-02 8.89100532e+00
9.74087980e-02 8.52902536e+00
9.96283460e-02 8.19499941e+00
1.01898468e-01 7.89220497e+00
1.04220317e-01 7.62240308e+00
1.06595072e-01 7.38542419e+00
1.09023938e-01 7.18019224e+00
1.11508147e-01 7.00260306e+00
1.14048962e-01 6.84790741e+00
1.16647671e-01 6.70949590e+00
1.19305594e-01 6.58023378e+00
1.22024080e-01 6.45274114e+00
1.24804510e-01 6.31983419e+00
1.27648294e-01 6.17542590e+00
1.30556876e-01 6.01458575e+00
1.33531733e-01 5.83469586e+00
1.36574375e-01 5.63496207e+00
1.39686346e-01 5.41720098e+00
1.42869226e-01 5.18492253e+00
1.46124632e-01 4.94341081e+00
1.49454214e-01 4.69938635e+00
1.52859664e-01 4.46041305e+00
1.56342710e-01 4.23480210e+00
1.59905121e-01 4.02978203e+00
1.63548704e-01 3.85064945e+00
1.67275310e-01 3.69895192e+00
1.71086830e-01 3.57282819e+00
1.74985199e-01 3.46759934e+00
1.78972396e-01 3.37714764e+00
1.83050444e-01 3.29470412e+00
1.87221415e-01 3.21304608e+00
1.91487425e-01 3.12493108e+00
1.95850640e-01 3.02453700e+00
2.00313274e-01 2.90950805e+00
2.04877594e-01 2.78168954e+00
2.09545916e-01 2.64624884e+00
2.14320611e-01 2.50991358e+00
2.19204100e-01 2.37952526e+00
2.24198865e-01 2.26103158e+00
2.29307440e-01 2.15828780e+00
2.34532418e-01 2.07203407e+00
2.39876452e-01 1.99988681e+00
2.45342255e-01 1.93712694e+00
2.50932601e-01 1.87762148e+00
2.56650328e-01 1.81522897e+00
2.62498339e-01 1.74604771e+00
2.68479602e-01 1.66995321e+00
2.74597154e-01 1.58983087e+00
2.80854100e-01 1.50981944e+00
2.87253615e-01 1.43436001e+00
2.93798950e-01 1.36717172e+00
3.00493426e-01 1.30944067e+00
3.07340441e-01 1.25917728e+00
3.14343473e-01 1.21276268e+00
3.21506074e-01 1.16668384e+00
3.28831882e-01 1.11844468e+00
3.36324615e-01 1.06755694e+00
3.43988077e-01 1.01596241e+00
3.51826158e-01 9.66601459e-01
3.59842837e-01 9.21459856e-01
3.68042182e-01 8.81018890e-01
3.76428358e-01 8.44343442e-01
3.85005620e-01 8.09370681e-01
3.93778323e-01 7.74283751e-01
4.02750919e-01 7.38742099e-01
4.11927965e-01 7.03611983e-01
4.21314118e-01 6.70137286e-01
4.30914143e-01 6.39240030e-01
4.40732913e-01 6.10730283e-01
4.50775413e-01 5.83669117e-01
4.61046740e-01 5.57285842e-01
4.71552109e-01 5.31223514e-01
4.82296852e-01 5.05992078e-01
4.93286424e-01 4.82116580e-01
5.04526403e-01 4.59728362e-01
5.16022495e-01 4.38563628e-01
5.27780537e-01 4.18139297e-01
5.39806495e-01 3.98357950e-01
5.52106477e-01 3.79335727e-01
5.64686724e-01 3.61307267e-01
5.77553624e-01 3.44213972e-01
5.90713708e-01 3.27908227e-01
6.04173657e-01 3.12223346e-01
6.17940302e-01 2.97204495e-01
6.32020633e-01 2.82887522e-01
6.46421798e-01 2.69279271e-01
6.61151105e-01 2.56303552e-01
6.76216034e-01 2.43909407e-01
6.91624231e-01 2.32074162e-01
7.07383517e-01 2.20776571e-01
7.23501893e-01 2.09995878e-01
7.39987541e-01 1.99711829e-01
7.56848829e-01 1.89904687e-01
7.74094317e-01 1.80555238e-01
7.91732759e-01 1.71644801e-01
8.09773109e-01 1.63155235e-01
8.28224525e-01 1.55068699e-01
8.47096373e-01 1.47367057e-01
8.66398234e-01 1.40032721e-01
8.86139904e-01 1.33048878e-01
9.06331407e-01 1.26399453e-01
9.26982991e-01 1.20069078e-01
9.48105141e-01 1.14043065e-01
9.69708578e-01 1.08307375e-01
9.91804268e-01 1.02848588e-01
1.01440343e+00 9.76538833e-02
1.03751753e+00 9.27110763e-02
1.06115831e+00 8.80086379e-02
1.08533777e+00 8.35355366e-02
1.11006818e+00 7.92812052e-02
1.13536209e+00 7.52355237e-02
1.16123234e+00 7.13888031e-02
1.18769208e+00 6.77317692e-02
1.21475472e+00 6.42555468e-02
1.24243401e+00 6.09516451e-02
1.27074400e+00 5.78119415e-02
1.29969905e+00 5.48286463e-02
1.32931388e+00 5.19942950e-02
1.35960350e+00 4.93017592e-02
1.39058330e+00 4.67442332e-02
1.42226901e+00 4.43152206e-02
1.45467670e+00 4.20085210e-02
1.48782283e+00 3.98182178e-02
1.52172422e+00 3.77386660e-02
1.55639809e+00 3.57644805e-02
1.59186203e+00 3.38905252e-02
1.62813406e+00 3.21119035e-02
1.66523257e+00 3.04239467e-02
1.70317641e+00 2.88222038e-02
1.74198483e+00 2.73024316e-02
1.78167754e+00 2.58605860e-02
1.82227468e+00 2.44928129e-02
1.86379686e+00 2.31954401e-02
1.90626516e+00 2.19649692e-02
1.94970115e+00 2.07980677e-02
1.99412686e+00 1.96915615e-02
2.03956485e+00 1.86424268e-02
2.08603819e+00 1.76477846e-02
2.13357046e+00 1.67048944e-02
2.18218581e+00 1.58111479e-02
2.23190889e+00 1.49640632e-02
2.28276496e+00 1.41612785e-02
2.33477984e+00 1.34005470e-02
2.38797992e+00 1.26797315e-02
2.44239221e+00 1.19967994e-02
2.49804433e+00 1.13498169e-02
2.55496454e+00 1.07369448e-02
2.61318173e+00 1.01564346e-02
2.67272545e+00 9.60662434e-03
2.73362593e+00 9.08593438e-03
2.79591407e+00 8.59286369e-03
2.85962152e+00 8.12598604e-03
2.92478059e+00 7.68394640e-03
2.99142437e+00 7.26545755e-03
3.05958669e+00 6.86929682e-03
3.12930216e+00 6.49430289e-03
3.20060615e+00 6.13937284e-03
3.27353487e+00 5.80345944e-03
3.34812533e+00 5.48556848e-03
3.42441541e+00 5.18475617e-03
3.50244383e+00 4.90012668e-03
3.58225019e+00 4.63082979e-03
3.66387501e+00 4.37605866e-03
3.74735973e+00 4.13504770e-03
3.83274673e+00 3.90707049e-03
3.92007935e+00 3.69143764e-03
4.00940191e+00 3.48749514e-03
4.10075978e+00 3.29462271e-03
4.19419932e+00 3.11223216e-03
4.28976796e+00 2.93976573e-03
4.38751422e+00 2.77669461e-03
4.48748771e+00 2.62251746e-03
4.58973920e+00 2.47675902e-03
4.69432057e+00 2.33896880e-03
4.80128493e+00 2.20871985e-03
4.91068657e+00 2.08560753e-03
5.02258102e+00 1.96924840e-03
5.13702509e+00 1.85927912e-03
5.25407688e+00 1.75535547e-03
5.37379579e+00 1.65715133e-03
5.49624261e+00 1.56435779e-03
5.62147949e+00 1.47668223e-03
5.74957001e+00 1.39384752e-03
5.88057918e+00 1.31559118e-03
6.01457352e+00 1.24166465e-03
6.15162104e+00 1.17183248e-03
6.29179132e+00 1.10587177e-03
6.43515550e+00 1.04357152e-03
6.58178636e+00 9.84731977e-04
6.73175834e+00 9.29164091e-04
6.88514757e+00 8.76688930e-04
7.04203191e+00 8.27137160e-04
7.20249100e+00 7.80348539e-04
7.36660630e+00 7.36171442e-04
7.53446112e+00 6.94462395e-04
7.70614066e+00 6.55085654e-04
7.88173208e+00 6.17912803e-04
8.06132450e+00 5.82822370e-04
8.24500910e+00 5.49699458e-04
8.43287912e+00 5.18435395e-04
8.62502993e+00 4.88927408e-04
8.82155908e+00 4.61078305e-04
9.02256631e+00 4.34796183e-04
9.22815368e+00 4.09994140e-04
9.43842554e+00 3.86590000e-04
9.65348864e+00 3.64506070e-04
9.87345215e+00 3.43668907e-04
1.00984277e+01 3.24009085e-04
1.03285296e+01 3.05460984e-04
1.05638745e+01 2.87962584e-04
1.08045820e+01 2.71455269e-04
1.10507742e+01 2.55883648e-04
1.13025761e+01 2.41195376e-04
1.15601156e+01 2.27340991e-04
1.18235233e+01 2.14273752e-04
1.20929330e+01 2.01949502e-04
1.23684815e+01 1.90326521e-04
1.26503086e+01 1.79365402e-04
1.29385574e+01 1.69028917e-04
1.32333741e+01 1.59281905e-04
1.35349086e+01 1.50091155e-04
1.38433138e+01 1.41425301e-04
1.41587463e+01 1.33254721e-04
1.44813662e+01 1.25551440e-04
1.48113372e+01 1.18289040e-04
1.51488270e+01 1.11442574e-04
1.54940068e+01 1.04988490e-04
1.58470518e+01 9.89045529e-05
1.62081413e+01 9.31697697e-05
1.65774585e+01 8.77643242e-05
1.69551910e+01 8.26695104e-05
1.73415304e+01 7.78676714e-05
1.77366729e+01 7.33421416e-05
1.81408191e+01 6.90771902e-05
1.85541742e+01 6.50579705e-05
1.89769479e+01 6.12704716e-05
1.94093549e+01 5.77014720e-05
1.98516146e+01 5.43384959e-05
2.03039517e+01 5.11697714e-05
2.07665957e+01 4.81841917e-05
2.12397814e+01 4.53712777e-05
2.17237492e+01 4.27211432e-05
2.22187445e+01 4.02244613e-05
2.27250188e+01 3.78724327e-05
2.32428290e+01 3.56567569e-05
2.37724380e+01 3.35696045e-05
2.43141145e+01 3.16035908e-05
2.48681337e+01 2.97517512e-05
2.54347767e+01 2.80075170e-05
2.60143312e+01 2.63646937e-05
2.66070914e+01 2.48174397e-05
2.72133582e+01 2.33602464e-05
2.78334392e+01 2.19879192e-05
2.84676494e+01 2.06955594e-05
2.91163107e+01 1.94785482e-05
2.97797523e+01 1.83325311e-05
3.04583110e+01 1.72534027e-05
3.11523313e+01 1.62372929e-05
3.18621654e+01 1.52805532e-05
3.25881738e+01 1.43797446e-05
3.33307249e+01 1.35316253e-05
3.40901958e+01 1.27331396e-05
3.48669719e+01 1.19814071e-05
3.56614475e+01 1.12737124e-05
3.64740260e+01 1.06074966e-05
3.73051198e+01 9.98034812e-06
3.81551508e+01 9.38999437e-06
3.90245506e+01 8.83429393e-06
3.99137604e+01 8.31122892e-06
4.08232317e+01 7.81889801e-06
4.17534261e+01 7.35550970e-06
4.27048159e+01 6.91937604e-06
4.36778839e+01 6.50890672e-06
4.46731241e+01 6.12260344e-06
4.56910419e+01 5.75905467e-06
4.67321538e+01 5.41693064e-06
4.77969883e+01 5.09497863e-06
4.88860861e+01 4.79201859e-06
5.00000000e+01 4.50693894e-06
