5.00000000e-04 1.87799933e+03
5.11392954e-04 1.91881168e+03
5.23045507e-04 1.96049165e+03
5.34963574e-04 2.00305652e+03
5.47153205e-04 2.04652386e+03
5.59620588e-04 2.09091154e+03
5.72372051e-04 2.13623770e+03
5.85414068e-04 2.18252076e+03
5.98753260e-04 2.22977948e+03
6.12396397e-04 2.27803290e+03
6.26350405e-04 2.32730031e+03
6.40622368e-04 2.37760125e+03
6.55219530e-04 2.42895553e+03
6.70149302e-04 2.48138327e+03
6.85419263e-04 2.53490492e+03
7.01037164e-04 2.58954116e+03
7.17010932e-04 2.64531300e+03
7.33348678e-04 2.70224175e+03
7.50058693e-04 2.76034902e+03
7.67149462e-04 2.81965663e+03
7.84629659e-04 2.88018659e+03
8.02508159e-04 2.94196120e+03
8.20794036e-04 3.00500304e+03
8.39496574e-04 3.06933500e+03
8.58625266e-04 3.13498013e+03
8.78189822e-04 3.20196178e+03
8.98200175e-04 3.27030357e+03
9.18666482e-04 3.34002939e+03
9.39599132e-04 3.41116317e+03
9.61008752e-04 3.48372899e+03
9.82906209e-04 3.55775116e+03
1.00530262e-03 3.63325422e+03
1.02820935e-03 3.71026288e+03
1.05163804e-03 3.78880185e+03
1.07560057e-03 3.86889605e+03
1.10010910e-03 3.95057062e+03
1.12517609e-03 4.03385078e+03
1.15081425e-03 4.11876163e+03
1.17703659e-03 4.20532829e+03
1.20385644e-03 4.29357600e+03
1.23128740e-03 4.38353012e+03
1.25934341e-03 4.47521589e+03
1.28803869e-03 4.56865844e+03
1.31738782e-03 4.66388294e+03
1.34740570e-03 4.76091458e+03
1.37810756e-03 4.85977839e+03
1.40950899e-03 4.96049890e+03
1.44162594e-03 5.06310050e+03
1.47447469e-03 5.16760744e+03
1.50807194e-03 5.27404389e+03
1.54243473e-03 5.38243358e+03
1.57758050e-03 5.49279996e+03
1.61352711e-03 5.60516627e+03
1.65029279e-03 5.71955550e+03
1.68789621e-03 5.83598996e+03
1.72635646e-03 5.95449106e+03
1.76569306e-03 6.07507973e+03
1.80592598e-03 6.19777648e+03
1.84707564e-03 6.32260128e+03
1.88916294e-03 6.44957322e+03
1.93220923e-03 6.57871073e+03
1.97623638e-03 6.71003162e+03
2.02126672e-03 6.84355303e+03
2.06732311e-03 6.97929093e+03
2.11442895e-03 7.11726008e+03
2.16260813e-03 7.25747437e+03
2.21188512e-03 7.39994684e+03
2.26228494e-03 7.54468934e+03
2.31383315e-03 7.69171223e+03
2.36655594e-03 7.84102465e+03
2.42048007e-03 7.99263462e+03
2.47563291e-03 8.14654893e+03
2.53204245e-03 8.30277256e+03
2.58973734e-03 8.46130885e+03
2.64874686e-03 8.62215974e+03
2.70910096e-03 8.78532570e+03
2.77083029e-03 8.95080528e+03
2.83396617e-03 9.11859479e+03
2.89854067e-03 9.28868882e+03
2.96458655e-03 9.46108015e+03
3.03213734e-03 9.63575955e+03
3.10122735e-03 9.81271482e+03
3.17189163e-03 9.99193141e+03
3.24416606e-03 1.01733926e+04
3.31808733e-03 1.03570797e+04
3.39369297e-03 1.05429706e+04
3.47102134e-03 1.07310408e+04
3.55011172e-03 1.09212629e+04
3.63100424e-03 1.11136071e+04
3.71373997e-03 1.13080406e+04
3.79836091e-03 1.15045262e+04
3.88491001e-03 1.17030237e+04
3.97343121e-03 1.19034899e+04
4.06396945e-03 1.21058787e+04
4.15657069e-03 1.23101394e+04
4.25128193e-03 1.25162174e+04
4.34815125e-03 1.27240549e+04
4.44722782e-03 1.29335906e+04
4.54856195e-03 1.31447593e+04
4.65220506e-03 1.33574914e+04
4.75820978e-03 1.35717133e+04
4.86662991e-03 1.37873481e+04
4.97752050e-03 1.40043136e+04
5.09093782e-03 1.42225173e+04
5.20693947e-03 1.44418607e+04
5.32558431e-03 1.46622407e+04
5.44693259e-03 1.48835502e+04
5.57104589e-03 1.51056856e+04
5.69798724e-03 1.53285455e+04
5.82782105e-03 1.55520256e+04
5.96061325e-03 1.57760177e+04
6.09643123e-03 1.60003972e+04
6.23534396e-03 1.62250021e+04
6.37742193e-03 1.64496588e+04
6.52273729e-03 1.66741878e+04
6.67136378e-03 1.68984051e+04
6.82337686e-03 1.71221374e+04
6.97885370e-03 1.73452152e+04
7.13787322e-03 1.75674644e+04
7.30051615e-03 1.77887063e+04
7.46686504e-03 1.80087592e+04
7.63700434e-03 1.82274383e+04
7.81102042e-03 1.84445554e+04
7.98900162e-03 1.86599183e+04
8.17103828e-03 1.88733259e+04
8.35722281e-03 1.90845491e+04
8.54764972e-03 1.92933477e+04
8.74241568e-03 1.94994767e+04
8.94161957e-03 1.97026863e+04
9.14536249e-03 1.99027145e+04
9.35374788e-03 2.00992874e+04
9.56688152e-03 2.02921275e+04
9.78487161e-03 2.04809534e+04
1.00078288e-02 2.06654773e+04
1.02358663e-02 2.08453993e+04
1.04690998e-02 2.10204157e+04
1.07076477e-02 2.11902208e+04
1.09516312e-02 2.13545060e+04
1.12011741e-02 2.15129499e+04
1.14564030e-02 2.16652245e+04
1.17174475e-02 2.18110018e+04
1.19844402e-02 2.19499545e+04
1.22575166e-02 2.20817432e+04
1.25368152e-02 2.22060118e+04
1.28224780e-02 2.23224051e+04
1.31146498e-02 2.24305715e+04
1.34134790e-02 2.25301604e+04
1.37191173e-02 2.26208090e+04
1.40317198e-02 2.27021565e+04
1.43514453e-02 2.27738496e+04
1.46784560e-02 2.28355431e+04
1.50129180e-02 2.28868870e+04
1.53550010e-02 2.29275303e+04
1.57048786e-02 2.29571340e+04
1.60627285e-02 2.29753738e+04
1.64287324e-02 2.29819348e+04
1.68030760e-02 2.29765053e+04
1.71859493e-02 2.29587900e+04
1.75775468e-02 2.29285140e+04
1.79780672e-02 2.28854239e+04
1.83877138e-02 2.28292861e+04
1.88066945e-02 2.27598900e+04
1.92352221e-02 2.26770515e+04
1.96735141e-02 2.25806149e+04
2.01217930e-02 2.24704618e+04
2.05802864e-02 2.23465164e+04
2.10492269e-02 2.22087346e+04
2.15288526e-02 2.20571049e+04
2.20194071e-02 2.18916594e+04
2.25211393e-02 2.17125107e+04
2.30343039e-02 2.15198161e+04
2.35591614e-02 2.13137651e+04
2.40959783e-02 2.10945836e+04
2.46450271e-02 2.08626029e+04
2.52065864e-02 2.06182420e+04
2.57809414e-02 2.03619455e+04
2.63683836e-02 2.00941807e+04
2.69692111e-02 1.98154963e+04
2.75837291e-02 1.95265999e+04
2.82122494e-02 1.92282246e+04
2.88550911e-02 1.89211051e+04
2.95125806e-02 1.86060013e+04
3.01850516e-02 1.82838752e+04
3.08728454e-02 1.79557635e+04
3.15763112e-02 1.76226704e+04
3.22958061e-02 1.72855675e+04
3.30316954e-02 1.69455262e+04
3.37843526e-02 1.66037531e+04
3.45541598e-02 1.62613991e+04
3.53415077e-02 1.59195444e+04
3.61467960e-02 1.55792782e+04
3.69704336e-02 1.52419470e+04
3.78128385e-02 1.49088776e+04
3.86744384e-02 1.45812855e+04
3.95556706e-02 1.42602678e+04
4.04569825e-02 1.39466470e+04
4.13788316e-02 1.36410274e+04
4.23216859e-02 1.33439459e+04
4.32860239e-02 1.30558807e+04
4.42723353e-02 1.27775142e+04
4.52811207e-02 1.25100500e+04
4.63128921e-02 1.22546617e+04
4.73681735e-02 1.20124154e+04
4.84475003e-02 1.17839477e+04
4.95514206e-02 1.15683146e+04
5.06804947e-02 1.13642036e+04
5.18352959e-02 1.11703907e+04
5.30164102e-02 1.09857234e+04
5.42244372e-02 1.08090976e+04
5.54599903e-02 1.06394714e+04
5.67236965e-02 1.04758495e+04
5.80161975e-02 1.03170141e+04
5.93381492e-02 1.01615674e+04
6.06902229e-02 1.00081801e+04
6.20731047e-02 9.85532504e+03
6.34874968e-02 9.70103825e+03
6.49341171e-02 9.54342156e+03
6.64136999e-02 9.38044312e+03
6.79269964e-02 9.20962004e+03
6.94747747e-02 9.02861359e+03
7.10578206e-02 8.83564182e+03
7.26769376e-02 8.62965059e+03
7.43329476e-02 8.40992090e+03
7.60266913e-02 8.17672820e+03
7.77590285e-02 7.93103456e+03
7.95308386e-02 7.67427803e+03
8.13430210e-02 7.40899791e+03
8.31964957e-02 7.13785606e+03
8.50922034e-02 6.86391865e+03
8.70311065e-02 6.59030240e+03
8.90141894e-02 6.32009861e+03
9.10424585e-02 6.05638115e+03
9.31169436e-02 5.80211023e+03
9.52386978e-02 5.56036926e+03
9.74087980e-02 5.33377928e+03
9.96283460e-02 5.12469780e+03
1.01898468e-01 4.93517118e+03
1.04220317e-01 4.76629793e+03
1.06595072e-01 4.61797024e+03
1.09023938e-01 4.48951294e+03
1.11508147e-01 4.37835463e+03
1.14048962e-01 4.28152077e+03
1.16647671e-01 4.19487563e+03
1.19305594e-01 4.11395613e+03
1.22024080e-01 4.03414675e+03
1.24804510e-01 3.95095530e+03
1.27648294e-01 3.86057638e+03
1.30556876e-01 3.75992836e+03
1.33531733e-01 3.64737596e+03
1.36574375e-01 3.52242436e+03
1.39686346e-01 3.38621120e+03
1.42869226e-01 3.24093202e+03
1.46124632e-01 3.08989017e+03
1.49454214e-01 2.93728685e+03
1.52859664e-01 2.78785013e+03
1.56342710e-01 2.64677444e+03
1.59905121e-01 2.51857893e+03
1.63548704e-01 2.40657605e+03
1.67275310e-01 2.31172996e+03
1.71086830e-01 2.23287403e+03
1.74985199e-01 2.16708168e+03
1.78972396e-01 2.11052651e+03
1.83050444e-01 2.05897787e+03
1.87221415e-01 2.00792189e+03
1.91487425e-01 1.95283053e+03
1.95850640e-01 1.89006517e+03
2.00313274e-01 1.81815373e+03
2.04877594e-01 1.73825042e+03
2.09545916e-01 1.65358676e+03
2.14320611e-01 1.56836860e+03
2.19204100e-01 1.48687037e+03
2.24198865e-01 1.41280857e+03
2.29307440e-01 1.34859309e+03
2.34532418e-01 1.29468519e+03
2.39876452e-01 1.24959437e+03
2.45342255e-01 1.21037137e+03
2.50932601e-01 1.17318236e+03
2.56650328e-01 1.13418860e+03
2.62498339e-01 1.09095237e+03
2.68479602e-01 1.04339608e+03
2.74597154e-01 9.93324116e+02
2.80854100e-01 9.43323105e+02
2.87253615e-01 8.96167720e+02
2.93798950e-01 8.54182331e+02
3.00493426e-01 8.18107627e+02
3.07340441e-01 7.86699985e+02
3.14343473e-01 7.57697415e+02
3.21506074e-01 7.28904800e+02
3.28831882e-01 6.98761917e+02
3.36324615e-01 6.66964150e+02
3.43988077e-01 6.34725171e+02
3.51826158e-01 6.03882668e+02
3.59842837e-01 5.75677028e+02
3.68042182e-01 5.50409003e+02
3.76428358e-01 5.27494252e+02
3.85005620e-01 5.05643297e+02
3.93778323e-01 4.83720838e+02
4.02750919e-01 4.61514345e+02
4.11927965e-01 4.39565112e+02
4.21314118e-01 4.18650694e+02
4.30914143e-01 3.99346841e+02
4.40732913e-01 3.81534797e+02
4.50775413e-01 3.64627870e+02
4.61046740e-01 3.48144633e+02
4.71552109e-01 3.31861696e+02
4.82296852e-01 3.16098200e+02
4.93286424e-01 3.01181910e+02
5.04526403e-01 2.87194905e+02
5.16022495e-01 2.73972365e+02
5.27780537e-01 2.61212476e+02
5.39806495e-01 2.48854360e+02
5.52106477e-01 2.36970433e+02
5.64686724e-01 2.25707504e+02
5.77553624e-01 2.15028832e+02
5.90713708e-01 2.04842252e+02
6.04173657e-01 1.95043541e+02
6.17940302e-01 1.85660946e+02
6.32020633e-01 1.76716875e+02
6.46421798e-01 1.68215599e+02
6.61151105e-01 1.60109495e+02
6.76216034e-01 1.52366741e+02
6.91624231e-01 1.44973166e+02
7.07383517e-01 1.37915494e+02
7.23501893e-01 1.31180755e+02
7.39987541e-01 1.24756293e+02
7.56848829e-01 1.18629772e+02
7.74094317e-01 1.12789189e+02
7.91732759e-01 1.07222870e+02
8.09773109e-01 1.01919479e+02
8.28224525e-01 9.68678701e+01
8.47096373e-01 9.20567118e+01
8.66398234e-01 8.74750171e+01
8.86139904e-01 8.31122810e+01
9.06331407e-01 7.89584608e+01
9.26982991e-01 7.50039560e+01
9.48105141e-01 7.12395899e+01
9.69708578e-01 6.76565911e+01
9.91804268e-01 6.42465769e+01
1.01440343e+00 6.10015367e+01
1.03751753e+00 5.79138585e+01
1.06115831e+00 5.49763393e+01
1.08533777e+00 5.21820871e+01
1.11006818e+00 4.95244999e+01
1.13536209e+00 4.69972554e+01
1.16123234e+00 4.45943005e+01
1.18769208e+00 4.23098410e+01
1.21475472e+00 4.01383326e+01
1.24243401e+00 3.80744706e+01
1.27074400e+00 3.61131808e+01
1.29969905e+00 3.42495968e+01
1.32931388e+00 3.24790557e+01
1.35960350e+00 3.07971043e+01
1.39058330e+00 2.91994911e+01
1.42226901e+00 2.76821579e+01
1.45467670e+00 2.62412313e+01
1.48782283e+00 2.48730153e+01
1.52172422e+00 2.35739834e+01
1.55639809e+00 2.23407717e+01
1.59186203e+00 2.11701716e+01
1.62813406e+00 2.00591243e+01
1.66523257e+00 1.90047132e+01
1.70317641e+00 1.80041577e+01
1.74198483e+00 1.70548072e+01
1.78167754e+00 1.61541354e+01
1.82227468e+00 1.52997346e+01
1.86379686e+00 1.44893108e+01
1.90626516e+00 1.37206786e+01
1.94970115e+00 1.29917564e+01
1.99412686e+00 1.23005612e+01
2.03956485e+00 1.16452041e+01
2.08603819e+00 1.10238868e+01
2.13357046e+00 1.04348974e+01
2.18218581e+00 9.87660645e+00
2.23190889e+00 9.34746358e+00
2.28276496e+00 8.84599351e+00
2.33477984e+00 8.37079272e+00
2.38797992e+00 7.92052614e+00
2.44239221e+00 7.49392399e+00
2.49804433e+00 7.08977841e+00
2.55496454e+00 6.70694045e+00
2.61318173e+00 6.34431786e+00
2.67272545e+00 6.00087241e+00
2.73362593e+00 5.67561739e+00
2.79591407e+00 5.36761516e+00
2.85962152e+00 5.07597476e+00
2.92478059e+00 4.79984975e+00
2.99142437e+00 4.53843606e+00
3.05958669e+00 4.29096992e+00
3.12930216e+00 4.05672588e+00
3.20060615e+00 3.83501500e+00
3.27353487e+00 3.62518312e+00
3.34812533e+00 3.42660917e+00
3.42441541e+00 3.23870362e+00
3.50244383e+00 3.06090686e+00
3.58225019e+00 2.89268780e+00
3.66387501e+00 2.73354244e+00
3.74735973e+00 2.58299254e+00
3.83274673e+00 2.44058432e+00
3.92007935e+00 2.30588715e+00
4.00940191e+00 2.17849250e+00
4.10075978e+00 2.05801289e+00
4.19419932e+00 1.94408090e+00
4.28976796e+00 1.83634812e+00
4.38751422e+00 1.73448423e+00
4.48748771e+00 1.63817604e+00
4.58973920e+00 1.54712668e+00
4.69432057e+00 1.46105476e+00
4.80128493e+00 1.37969357e+00
4.91068657e+00 1.30279034e+00
5.02258102e+00 1.23010556e+00
5.13702509e+00 1.16141228e+00
5.25407688e+00 1.09649545e+00
5.37379579e+00 1.03515138e+00
5.49624261e+00 9.77187101e-01
5.62147949e+00 9.22419821e-01
5.74957001e+00 8.70676425e-01
5.88057918e+00 8.21792965e-01
6.01457352e+00 7.75614160e-01
6.15162104e+00 7.31992941e-01
6.29179132e+00 6.90790067e-01
6.43515550e+00 6.51873728e-01
6.58178636e+00 6.15119153e-01
6.73175834e+00 5.80408244e-01
6.88514757e+00 5.47629232e-01
7.04203191e+00 5.16676338e-01
7.20249100e+00 4.87449465e-01
7.36660630e+00 4.59853900e-01
7.53446112e+00 4.33800021e-01
7.70614066e+00 4.09203034e-01
7.88173208e+00 3.85982724e-01
8.06132450e+00 3.64063213e-01
8.24500910e+00 3.43372729e-01
8.43287912e+00 3.23843392e-01
8.62502993e+00 3.05411002e-01
8.82155908e+00 2.88014848e-01
9.02256631e+00 2.71597523e-01
9.22815368e+00 2.56104741e-01
9.43842554e+00 2.41485172e-01
9.65348864e+00 2.27690283e-01
9.87345215e+00 2.14674197e-01
1.00984277e+01 2.02393547e-01
1.03285296e+01 1.90807342e-01
1.05638745e+01 1.79876841e-01
1.08045820e+01 1.69565430e-01
1.10507742e+01 1.59838506e-01
1.13025761e+01 1.50663373e-01
1.15601156e+01 1.42009133e-01
1.18235233e+01 1.33846591e-01
1.20929330e+01 1.26148162e-01
1.23684815e+01 1.18887787e-01
1.26503086e+01 1.12040850e-01
1.29385574e+01 1.05584095e-01
1.32333741e+01 9.94955597e-02
1.35349086e+01 9.37544981e-02
1.38433138e+01 8.83413175e-02
1.41587463e+01 8.32375145e-02
1.44813662e+01 7.84256142e-02
1.48113372e+01 7.38891134e-02
1.51488270e+01 6.96124296e-02
1.54940068e+01 6.55808504e-02
1.58470518e+01 6.17804858e-02
1.62081413e+01 5.81982231e-02
1.65774585e+01 5.48216836e-02
1.69551910e+01 5.16391823e-02
1.73415304e+01 4.86396898e-02
1.77366729e+01 4.58127957e-02
1.81408191e+01 4.31486737e-02
1.85541742e+01 4.06380498e-02
1.89769479e+01 3.82721719e-02
1.94093549e+01 3.60427811e-02
1.98516146e+01 3.39420844e-02
2.03039517e+01 3.19627284e-02
2.07665957e+01 3.00977752e-02
2.12397814e+01 2.83406790e-02
2.17237492e+01 2.66852641e-02
2.22187445e+01 2.51257047e-02
2.27250188e+01 2.36565041e-02
2.32428290e+01 2.22724771e-02
2.37724380e+01 2.09687332e-02
2.43141145e+01 1.97406594e-02
2.48681337e+01 1.85839052e-02
2.54347767e+01 1.74943674e-02
2.60143312e+01 1.64681766e-02
2.66070914e+01 1.55016837e-02
2.72133582e+01 1.45914478e-02
2.78334392e+01 1.37342240e-02
2.84676494e+01 1.29269522e-02
2.91163107e+01 1.21667475e-02
2.97797523e+01 1.14508896e-02
3.04583110e+01 1.07768140e-02
3.11523313e+01 1.01421034e-02
3.18621654e+01 9.54447871e-03
3.25881738e+01 8.98179163e-03
3.33307249e+01 8.45201720e-03
3.40901958e+01 7.95324670e-03
3.48669719e+01 7.48368082e-03
3.56614475e+01 7.04162340e-03
3.64740260e+01 6.62547594e-03
3.73051198e+01 6.23373202e-03
3.81551508e+01 5.86497209e-03
3.90245506e+01 5.51785847e-03
3.99137604e+01 5.19113069e-03
4.08232317e+01 4.88360107e-03
4.17534261e+01 4.59415053e-03
4.27048159e+01 4.32172471e-03
4.36778839e+01 4.06533019e-03
4.46731241e+01 3.82403108e-03
4.56910419e+01 3.59694566e-03
4.67321538e+01 3.38324326e-03
4.77969883e+01 3.18214141e-03
4.88860861e+01 2.99290296e-03
5.00000000e+01 2.81483357e-03
