5.00000000e-04 1.54170803e+03
5.11392954e-04 1.57521599e+03
5.23045507e-04 1.60943636e+03
5.34963574e-04 1.64438337e+03
5.47153205e-04 1.68007147e+03
5.59620588e-04 1.71651538e+03
5.72372051e-04 1.75372998e+03
5.85414068e-04 1.79173038e+03
5.98753260e-04 1.83053190e+03
6.12396397e-04 1.87015017e+03
6.26350405e-04 1.91060099e+03
6.40622368e-04 1.95190043e+03
6.55219530e-04 1.99406477e+03
6.70149302e-04 2.03711058e+03
6.85419263e-04 2.08105463e+03
7.01037164e-04 2.12591393e+03
7.17010932e-04 2.17170565e+03
7.33348678e-04 2.21844728e+03
7.50058693e-04 2.26615651e+03
7.67149462e-04 2.31485123e+03
7.84629659e-04 2.36454954e+03
8.02508159e-04 2.41526974e+03
8.20794036e-04 2.46703040e+03
8.39496574e-04 2.51985029e+03
8.58625266e-04 2.57374833e+03
8.78189822e-04 2.62874363e+03
8.98200175e-04 2.68485555e+03
9.18666482e-04 2.74210366e+03
9.39599132e-04 2.80050761e+03
9.61008752e-04 2.86008719e+03
9.82906209e-04 2.92086238e+03
1.00530262e-03 2.98285337e+03
1.02820935e-03 3.04608046e+03
1.05163804e-03 3.11056397e+03
1.07560057e-03 3.17632435e+03
1.10010910e-03 3.24338225e+03
1.12517609e-03 3.31175839e+03
1.15081425e-03 3.38147338e+03
1.17703659e-03 3.45254781e+03
1.20385644e-03 3.52500241e+03
1.23128740e-03 3.59885797e+03
1.25934341e-03 3.67413522e+03
1.28803869e-03 3.75085479e+03
1.31738782e-03 3.82903735e+03
1.34740570e-03 3.90870361e+03
1.37810756e-03 3.98987413e+03
1.40950899e-03 4.07256907e+03
1.44162594e-03 4.15680848e+03
1.47447469e-03 4.24261231e+03
1.50807194e-03 4.33000041e+03
1.54243473e-03 4.41899225e+03
1.57758050e-03 4.50960704e+03
1.61352711e-03 4.60186376e+03
1.65029279e-03 4.69578123e+03
1.68789621e-03 4.79137777e+03
1.72635646e-03 4.88867102e+03
1.76569306e-03 4.98767829e+03
1.80592598e-03 5.08841653e+03
1.84707564e-03 5.19090224e+03
1.88916294e-03 5.29515104e+03
1.93220923e-03 5.40117798e+03
1.97623638e-03 5.50899758e+03
2.02126672e-03 5.61862382e+03
2.06732311e-03 5.73006977e+03
2.11442895e-03 5.84334763e+03
2.16260813e-03 5.95846886e+03
2.21188512e-03 6.07544422e+03
2.26228494e-03 6.19428354e+03
2.31383315e-03 6.31499531e+03
2.36655594e-03 6.43758707e+03
2.42048007e-03 6.56206543e+03
2.47563291e-03 6.68843598e+03
2.53204245e-03 6.81670280e+03
2.58973734e-03 6.94686864e+03
2.64874686e-03 7.07893509e+03
2.70910096e-03 7.21290252e+03
2.77083029e-03 7.34876973e+03
2.83396617e-03 7.48653368e+03
2.89854067e-03 7.62618992e+03
2.96458655e-03 7.76773250e+03
3.03213734e-03 7.91115384e+03
3.10122735e-03 8.05644399e+03
3.17189163e-03 8.20359111e+03
3.24416606e-03 8.35258160e+03
3.31808733e-03 8.50340008e+03
3.39369297e-03 8.65602864e+03
3.47102134e-03 8.81044689e+03
3.55011172e-03 8.96663238e+03
3.63100424e-03 9.12456059e+03
3.71373997e-03 9.28420441e+03
3.79836091e-03 9.44553342e+03
3.88491001e-03 9.60851464e+03
3.97343121e-03 9.77311273e+03
4.06396945e-03 9.93928975e+03
4.15657069e-03 1.01070042e+04
4.25128193e-03 1.02762115e+04
4.34815125e-03 1.04468641e+04
4.44722782e-03 1.06189121e+04
4.54856195e-03 1.07923018e+04
4.65220506e-03 1.09669759e+04
4.75820978e-03 1.11428740e+04
4.86662991e-03 1.13199328e+04
4.97752050e-03 1.14980846e+04
5.09093782e-03 1.16772538e+04
5.20693947e-03 1.18573594e+04
5.32558431e-03 1.20383170e+04
5.44693259e-03 1.22200389e+04
5.57104589e-03 1.24024399e+04
5.69798724e-03 1.25854369e+04
5.82782105e-03 1.27689441e+04
5.96061325e-03 1.29528726e+04
6.09643123e-03 1.31371202e+04
6.23534396e-03 1.33215536e+04
6.37742193e-03 1.35060308e+04
6.52273729e-03 1.36904040e+04
6.67136378e-03 1.38745223e+04
6.82337686e-03 1.40582436e+04
6.97885370e-03 1.42414286e+04
7.13787322e-03 1.44239343e+04
7.30051615e-03 1.46056143e+04
7.46686504e-03 1.47863192e+04
7.63700434e-03 1.49658974e+04
7.81102042e-03 1.51441944e+04
7.98900162e-03 1.53210522e+04
8.17103828e-03 1.54963059e+04
8.35722281e-03 1.56697673e+04
8.54764972e-03 1.58412393e+04
8.74241568e-03 1.60105208e+04
8.94161957e-03 1.61774068e+04
9.14536249e-03 1.63416819e+04
9.35374788e-03 1.65031214e+04
9.56688152e-03 1.66614973e+04
9.78487161e-03 1.68165784e+04
1.00078288e-02 1.69681283e+04
1.02358663e-02 1.71159009e+04
1.04690998e-02 1.72596469e+04
1.07076477e-02 1.73991151e+04
1.09516312e-02 1.75340524e+04
1.12011741e-02 1.76641948e+04
1.14564030e-02 1.77892731e+04
1.17174475e-02 1.79090181e+04
1.19844402e-02 1.80231610e+04
1.22575166e-02 1.81314232e+04
1.25368152e-02 1.82335118e+04
1.28224780e-02 1.83291349e+04
1.31146498e-02 1.84180036e+04
1.34134790e-02 1.84998295e+04
1.37191173e-02 1.85743152e+04
1.40317198e-02 1.86411648e+04
1.43514453e-02 1.87000889e+04
1.46784560e-02 1.87508043e+04
1.50129180e-02 1.87930237e+04
1.53550010e-02 1.88264580e+04
1.57048786e-02 1.88508285e+04
1.60627285e-02 1.88658680e+04
1.64287324e-02 1.88713177e+04
1.68030760e-02 1.88669218e+04
1.71859493e-02 1.88524382e+04
1.75775468e-02 1.88276415e+04
1.79780672e-02 1.87923240e+04
1.83877138e-02 1.87462934e+04
1.88066945e-02 1.86893764e+04
1.92352221e-02 1.86214214e+04
1.96735141e-02 1.85422999e+04
2.01217930e-02 1.84519146e+04
2.05802864e-02 1.83502030e+04
2.10492269e-02 1.82371293e+04
2.15288526e-02 1.81126839e+04
2.20194071e-02 1.79768933e+04
2.25211393e-02 1.78298497e+04
2.30343039e-02 1.76716822e+04
2.35591614e-02 1.75025461e+04
2.40959783e-02 1.73226268e+04
2.46450271e-02 1.71321961e+04
2.52065864e-02 1.69315976e+04
2.57809414e-02 1.67211964e+04
2.63683836e-02 1.65013757e+04
2.69692111e-02 1.62725861e+04
2.75837291e-02 1.60354084e+04
2.82122494e-02 1.57904446e+04
2.88550911e-02 1.55382979e+04
2.95125806e-02 1.52795923e+04
3.01850516e-02 1.50151178e+04
3.08728454e-02 1.47457256e+04
3.15763112e-02 1.44722404e+04
3.22958061e-02 1.41954599e+04
3.30316954e-02 1.39162643e+04
3.37843526e-02 1.36356441e+04
3.45541598e-02 1.33545447e+04
3.53415077e-02 1.30738531e+04
3.61467960e-02 1.27944639e+04
3.69704336e-02 1.25174827e+04
3.78128385e-02 1.22439992e+04
3.86744384e-02 1.19750114e+04
3.95556706e-02 1.17114205e+04
4.04569825e-02 1.14539017e+04
4.13788316e-02 1.12029518e+04
4.23216859e-02 1.09590116e+04
4.32860239e-02 1.07224743e+04
4.42723353e-02 1.04939001e+04
4.52811207e-02 1.02742779e+04
4.63128921e-02 1.00645713e+04
4.73681735e-02 9.86565600e+03
4.84475003e-02 9.67805509e+03
4.95514206e-02 9.50099349e+03
5.06804947e-02 9.33339367e+03
5.18352959e-02 9.17425073e+03
5.30164102e-02 9.02261829e+03
5.42244372e-02 8.87758911e+03
5.54599903e-02 8.73830710e+03
5.67236965e-02 8.60395442e+03
5.80161975e-02 8.47353105e+03
5.93381492e-02 8.34588937e+03
6.06902229e-02 8.21993833e+03
6.20731047e-02 8.09442383e+03
6.34874968e-02 7.96773243e+03
6.49341171e-02 7.83830470e+03
6.64136999e-02 7.70447158e+03
6.79269964e-02 7.56419393e+03
6.94747747e-02 7.41555103e+03
7.10578206e-02 7.25707936e+03
7.26769376e-02 7.08791305e+03
7.43329476e-02 6.90746149e+03
7.60266913e-02 6.71595057e+03
7.77590285e-02 6.51417006e+03
7.95308386e-02 6.30330095e+03
8.13430210e-02 6.08542950e+03
8.31964957e-02 5.86274262e+03
8.50922034e-02 5.63775855e+03
8.70311065e-02 5.41303670e+03
8.90141894e-02 5.19111596e+03
9.10424585e-02 4.97452131e+03
9.31169436e-02 4.76568433e+03
9.52386978e-02 4.56713768e+03
9.74087980e-02 4.38103429e+03
9.96283460e-02 4.20931065e+03
1.01898468e-01 4.05364772e+03
1.04220317e-01 3.91494799e+03
1.06595072e-01 3.79312323e+03
1.09023938e-01 3.68761913e+03
1.11508147e-01 3.59632373e+03
1.14048962e-01 3.51679386e+03
1.16647671e-01 3.44563235e+03
1.19305594e-01 3.37917315e+03
1.22024080e-01 3.31362530e+03
1.24804510e-01 3.24529924e+03
1.27648294e-01 3.17106896e+03
1.30556876e-01 3.08840279e+03
1.33531733e-01 2.99595805e+03
1.36574375e-01 2.89332871e+03
1.39686346e-01 2.78144821e+03
1.42869226e-01 2.66211969e+03
1.46124632e-01 2.53805784e+03
1.49454214e-01 2.41271303e+03
1.52859664e-01 2.28996783e+03
1.56342710e-01 2.17409038e+03
1.59905121e-01 2.06879302e+03
1.63548704e-01 1.97679543e+03
1.67275310e-01 1.89889035e+03
1.71086830e-01 1.83411974e+03
1.74985199e-01 1.78007910e+03
1.78972396e-01 1.73362613e+03
1.83050444e-01 1.69128553e+03
1.87221415e-01 1.64934937e+03
1.91487425e-01 1.60409884e+03
1.95850640e-01 1.55254415e+03
2.00313274e-01 1.49347597e+03
2.04877594e-01 1.42784299e+03
2.09545916e-01 1.35829987e+03
2.14320611e-01 1.28830097e+03
2.19204100e-01 1.22135738e+03
2.24198865e-01 1.16052228e+03
2.29307440e-01 1.10777505e+03
2.34532418e-01 1.06349448e+03
2.39876452e-01 1.02645655e+03
2.45342255e-01 9.94238419e+02
2.50932601e-01 9.63690966e+02
2.56650328e-01 9.31661137e+02
2.62498339e-01 8.96146285e+02
2.68479602e-01 8.57082798e+02
2.74597154e-01 8.15952521e+02
2.80854100e-01 7.74880515e+02
2.87253615e-01 7.36146055e+02
2.93798950e-01 7.01657941e+02
3.00493426e-01 6.72025354e+02
3.07340441e-01 6.46226488e+02
3.14343473e-01 6.22403037e+02
3.21506074e-01 5.98751856e+02
3.28831882e-01 5.73991789e+02
3.36324615e-01 5.47872172e+02
3.43988077e-01 5.21390007e+02
3.51826158e-01 4.96054889e+02
3.59842837e-01 4.72885982e+02
3.68042182e-01 4.52130013e+02
3.76428358e-01 4.33306978e+02
3.85005620e-01 4.15357901e+02
3.93778323e-01 3.97350015e+02
4.02750919e-01 3.79108783e+02
4.11927965e-01 3.61078908e+02
4.21314118e-01 3.43898985e+02
4.30914143e-01 3.28042018e+02
4.40732913e-01 3.13410529e+02
4.50775413e-01 2.99522529e+02
4.61046740e-01 2.85982539e+02
4.71552109e-01 2.72607049e+02
4.82296852e-01 2.59658252e+02
4.93286424e-01 2.47405398e+02
5.04526403e-01 2.35915864e+02
5.16022495e-01 2.25054331e+02
5.27780537e-01 2.14572810e+02
5.39806495e-01 2.04421276e+02
5.52106477e-01 1.94659334e+02
5.64686724e-01 1.85407407e+02
5.77553624e-01 1.76635507e+02
5.90713708e-01 1.68267757e+02
6.04173657e-01 1.60218652e+02
6.17940302e-01 1.52511361e+02
6.32020633e-01 1.45164254e+02
6.46421798e-01 1.38180920e+02
6.61151105e-01 1.31522211e+02
6.76216034e-01 1.25161959e+02
6.91624231e-01 1.19088526e+02
7.07383517e-01 1.13291011e+02
7.23501893e-01 1.07758762e+02
7.39987541e-01 1.02481383e+02
7.56848829e-01 9.74487455e+01
7.74094317e-01 9.26509897e+01
7.91732759e-01 8.80785283e+01
8.09773109e-01 8.37220504e+01
8.28224525e-01 7.95724009e+01
8.47096373e-01 7.56202709e+01
8.66398234e-01 7.18566345e+01
8.86139904e-01 6.82728622e+01
9.06331407e-01 6.48607039e+01
9.26982991e-01 6.16122729e+01
9.48105141e-01 5.85200307e+01
9.69708578e-01 5.55767720e+01
9.91804268e-01 5.27756106e+01
1.01440343e+00 5.01099660e+01
1.03751753e+00 4.75735855e+01
1.06115831e+00 4.51605524e+01
1.08533777e+00 4.28652054e+01
1.11006818e+00 4.06821217e+01
1.13536209e+00 3.86061080e+01
1.16123234e+00 3.66321919e+01
1.18769208e+00 3.47556142e+01
1.21475472e+00 3.29718204e+01
1.24243401e+00 3.12764531e+01
1.27074400e+00 2.96653442e+01
1.29969905e+00 2.81344962e+01
1.32931388e+00 2.66800786e+01
1.35960350e+00 2.52984332e+01
1.39058330e+00 2.39860678e+01
1.42226901e+00 2.27396485e+01
1.45467670e+00 2.15559936e+01
1.48782283e+00 2.04320670e+01
1.52172422e+00 1.93649717e+01
1.55639809e+00 1.83519445e+01
1.59186203e+00 1.73903497e+01
1.62813406e+00 1.64776746e+01
1.66523257e+00 1.56115235e+01
1.70317641e+00 1.47896122e+01
1.74198483e+00 1.40097634e+01
1.78167754e+00 1.32699019e+01
1.82227468e+00 1.25680499e+01
1.86379686e+00 1.19023231e+01
1.90626516e+00 1.12709262e+01
1.94970115e+00 1.06721492e+01
1.99412686e+00 1.01043634e+01
2.03956485e+00 9.56601695e+00
2.08603819e+00 9.05563267e+00
2.13357046e+00 8.57180425e+00
2.18218581e+00 8.11319330e+00
2.23190889e+00 7.67852615e+00
2.28276496e+00 7.26659094e+00
2.33477984e+00 6.87623476e+00
2.38797992e+00 6.50636090e+00
2.44239221e+00 6.15592628e+00
2.49804433e+00 5.82393870e+00
2.55496454e+00 5.50945438e+00
2.61318173e+00 5.21157606e+00
2.67272545e+00 4.92945091e+00
2.73362593e+00 4.66226838e+00
2.79591407e+00 4.40925824e+00
2.85962152e+00 4.16968863e+00
2.92478059e+00 3.94286423e+00
2.99142437e+00 3.72812453e+00
3.05958669e+00 3.52484213e+00
3.12930216e+00 3.33242110e+00
3.20060615e+00 3.15029551e+00
3.27353487e+00 2.97792798e+00
3.34812533e+00 2.81480834e+00
3.42441541e+00 2.66045230e+00
3.50244383e+00 2.51440019e+00
3.58225019e+00 2.37621572e+00
3.66387501e+00 2.24548487e+00
3.74735973e+00 2.12181480e+00
3.83274673e+00 2.00483275e+00
3.92007935e+00 1.89418498e+00
4.00940191e+00 1.78953589e+00
4.10075978e+00 1.69056720e+00
4.19419932e+00 1.59697709e+00
4.28976796e+00 1.50847935e+00
4.38751422e+00 1.42480264e+00
4.48748771e+00 1.34568969e+00
4.58973920e+00 1.27089665e+00
4.69432057e+00 1.20019235e+00
4.80128493e+00 1.13335770e+00
4.91068657e+00 1.07018509e+00
5.02258102e+00 1.01047773e+00
5.13702509e+00 9.54049218e-01
5.25407688e+00 9.00722901e-01
5.37379579e+00 8.50331445e-01
5.49624261e+00 8.02716333e-01
5.62147949e+00 7.57727417e-01
5.74957001e+00 7.15222489e-01
5.88057918e+00 6.75066870e-01
6.01457352e+00 6.37133007e-01
6.15162104e+00 6.01300087e-01
6.29179132e+00 5.67453731e-01
6.43515550e+00 5.35485663e-01
6.58178636e+00 5.05293390e-01
6.73175834e+00 4.76779899e-01
6.88514757e+00 4.49853376e-01
7.04203191e+00 4.24426930e-01
7.20249100e+00 4.00418336e-01
7.36660630e+00 3.77749789e-01
7.53446112e+00 3.56347670e-01
7.70614066e+00 3.36142325e-01
7.88173208e+00 3.17067859e-01
8.06132450e+00 2.99061943e-01
8.24500910e+00 2.82065618e-01
8.43287912e+00 2.66023124e-01
8.62502993e+00 2.50881724e-01
8.82155908e+00 2.36591546e-01
9.02256631e+00 2.23105432e-01
9.22815368e+00 2.10378790e-01
9.43842554e+00 1.98369453e-01
9.65348864e+00 1.87037555e-01
9.87345215e+00 1.76345410e-01
1.00984277e+01 1.66257393e-01
1.03285296e+01 1.56739832e-01
1.05638745e+01 1.47760904e-01
1.08045820e+01 1.39290532e-01
1.10507742e+01 1.31300290e-01
1.13025761e+01 1.23763322e-01
1.15601156e+01 1.16654244e-01
1.18235233e+01 1.09949075e-01
1.20929330e+01 1.03625155e-01
1.23684815e+01 9.76610779e-02
1.26503086e+01 9.20366208e-02
1.29385574e+01 8.67326823e-02
1.32333741e+01 8.17312197e-02
1.35349086e+01 7.70151915e-02
1.38433138e+01 7.25685031e-02
1.41587463e+01 6.83759548e-02
1.44813662e+01 6.44231916e-02
1.48113372e+01 6.06966569e-02
1.51488270e+01 5.71835502e-02
1.54940068e+01 5.38717859e-02
1.58470518e+01 5.07499542e-02
1.62081413e+01 4.78072832e-02
1.65774585e+01 4.50336046e-02
1.69551910e+01 4.24193197e-02
1.73415304e+01 3.99553682e-02
1.77366729e+01 3.76331985e-02
1.81408191e+01 3.54447388e-02
1.85541742e+01 3.33823708e-02
1.89769479e+01 3.14389053e-02
1.94093549e+01 2.96075580e-02
1.98516146e+01 2.78819273e-02
2.03039517e+01 2.62559727e-02
2.07665957e+01 2.47239951e-02
2.12397814e+01 2.32806173e-02
2.17237492e+01 2.19207665e-02
2.22187445e+01 2.06396568e-02
2.27250188e+01 1.94327730e-02
2.32428290e+01 1.82958557e-02
2.37724380e+01 1.72248875e-02
2.43141145e+01 1.62160790e-02
2.48681337e+01 1.52658564e-02
2.54347767e+01 1.43708491e-02
2.60143312e+01 1.35278786e-02
2.66070914e+01 1.27339472e-02
2.72133582e+01 1.19862285e-02
2.78334392e+01 1.12820569e-02
2.84676494e+01 1.06189187e-02
2.91163107e+01 9.99444395e-03
2.97797523e+01 9.40639815e-03
3.04583110e+01 8.85267476e-03
3.11523313e+01 8.33128790e-03
3.18621654e+01 7.84036548e-03
3.25881738e+01 7.37814279e-03
3.33307249e+01 6.94295640e-03
3.40901958e+01 6.53323837e-03
3.48669719e+01 6.14751067e-03
3.56614475e+01 5.78437996e-03
3.64740260e+01 5.44253315e-03
3.73051198e+01 5.12073279e-03
3.81551508e+01 4.81781276e-03
3.90245506e+01 4.53267424e-03
3.99137604e+01 4.26428180e-03
4.08232317e+01 4.01165980e-03
4.17534261e+01 3.77388899e-03
4.27048159e+01 3.55010323e-03
4.36778839e+01 3.33948650e-03
4.46731241e+01 3.14126998e-03
4.56910419e+01 2.95472939e-03
4.67321538e+01 2.77918237e-03
4.77969883e+01 2.61398614e-03
4.88860861e+01 2.45853519e-03
5.00000000e+01 2.31225913e-03
