5.00000000e-04 1.76272350e+03
5.11392954e-04 1.80103200e+03
5.23045507e-04 1.84015489e+03
5.34963574e-04 1.88010842e+03
5.47153205e-04 1.92090914e+03
5.59620588e-04 1.96257386e+03
5.72372051e-04 2.00511962e+03
5.85414068e-04 2.04856366e+03
5.98753260e-04 2.09292354e+03
6.12396397e-04 2.13821709e+03
6.26350405e-04 2.18446240e+03
6.40622368e-04 2.23167780e+03
6.55219530e-04 2.27988193e+03
6.70149302e-04 2.32909369e+03
6.85419263e-04 2.37933228e+03
7.01037164e-04 2.43061714e+03
7.17010932e-04 2.48296795e+03
7.33348678e-04 2.53640471e+03
7.50058693e-04 2.59094769e+03
7.67149462e-04 2.64661737e+03
7.84629659e-04 2.70343440e+03
8.02508159e-04 2.76141970e+03
8.20794036e-04 2.82059449e+03
8.39496574e-04 2.88098022e+03
8.58625266e-04 2.94259855e+03
8.78189822e-04 3.00547136e+03
8.98200175e-04 3.06962082e+03
9.18666482e-04 3.13506936e+03
9.39599132e-04 3.20183943e+03
9.61008752e-04 3.26995367e+03
9.82906209e-04 3.33943492e+03
1.00530262e-03 3.41030626e+03
1.02820935e-03 3.48259086e+03
1.05163804e-03 3.55631192e+03
1.07560057e-03 3.63149280e+03
1.10010910e-03 3.70815704e+03
1.12517609e-03 3.78632833e+03
1.15081425e-03 3.86603022e+03
1.17703659e-03 3.94728634e+03
1.20385644e-03 4.03012044e+03
1.23128740e-03 4.11455634e+03
1.25934341e-03 4.20061773e+03
1.28803869e-03 4.28832814e+03
1.31738782e-03 4.37771110e+03
1.34740570e-03 4.46879018e+03
1.37810756e-03 4.56158884e+03
1.40950899e-03 4.65613019e+03
1.44162594e-03 4.75243721e+03
1.47447469e-03 4.85053283e+03
1.50807194e-03 4.95043982e+03
1.54243473e-03 5.05218044e+03
1.57758050e-03 5.15577660e+03
1.61352711e-03 5.26124998e+03
1.65029279e-03 5.36862203e+03
1.68789621e-03 5.47791365e+03
1.72635646e-03 5.58914500e+03
1.76569306e-03 5.70233582e+03
1.80592598e-03 5.81750546e+03
1.84707564e-03 5.93467277e+03
1.88916294e-03 6.05385564e+03
1.93220923e-03 6.17507131e+03
1.97623638e-03 6.29833644e+03
2.02126672e-03 6.42366705e+03
2.06732311e-03 6.55107810e+03
2.11442895e-03 6.68058343e+03
2.16260813e-03 6.81219607e+03
2.21188512e-03 6.94592825e+03
2.26228494e-03 7.08179112e+03
2.31383315e-03 7.21979448e+03
2.36655594e-03 7.35994704e+03
2.42048007e-03 7.50225644e+03
2.47563291e-03 7.64672918e+03
2.53204245e-03 7.79336989e+03
2.58973734e-03 7.94218159e+03
2.64874686e-03 8.09316600e+03
2.70910096e-03 8.24632340e+03
2.77083029e-03 8.40165238e+03
2.83396617e-03 8.55914951e+03
2.89854067e-03 8.71880974e+03
2.96458655e-03 8.88062635e+03
3.03213734e-03 9.04459073e+03
3.10122735e-03 9.21069149e+03
3.17189163e-03 9.37891505e+03
3.24416606e-03 9.54924585e+03
3.31808733e-03 9.72166626e+03
3.39369297e-03 9.89615579e+03
3.47102134e-03 1.00726911e+04
3.55011172e-03 1.02512466e+04
3.63100424e-03 1.04317941e+04
3.71373997e-03 1.06143028e+04
3.79836091e-03 1.07987377e+04
3.88491001e-03 1.09850611e+04
3.97343121e-03 1.11732324e+04
4.06396945e-03 1.13632084e+04
4.15657069e-03 1.15549414e+04
4.25128193e-03 1.17483805e+04
4.34815125e-03 1.19434715e+04
4.44722782e-03 1.21401572e+04
4.54856195e-03 1.23383763e+04
4.65220506e-03 1.25380632e+04
4.75820978e-03 1.27391490e+04
4.86662991e-03 1.29415611e+04
4.97752050e-03 1.31452222e+04
5.09093782e-03 1.33500457e+04
5.20693947e-03 1.35559391e+04
5.32558431e-03 1.37628057e+04
5.44693259e-03 1.39705453e+04
5.57104589e-03 1.41790604e+04
5.69798724e-03 1.43882562e+04
5.82782105e-03 1.45980346e+04
5.96061325e-03 1.48082943e+04
6.09643123e-03 1.50189181e+04
6.23534396e-03 1.52297539e+04
6.37742193e-03 1.54406386e+04
6.52273729e-03 1.56514036e+04
6.67136378e-03 1.58618757e+04
6.82337686e-03 1.60718927e+04
6.97885370e-03 1.62812954e+04
7.13787322e-03 1.64899208e+04
7.30051615e-03 1.66976013e+04
7.46686504e-03 1.69041664e+04
7.63700434e-03 1.71094428e+04
7.81102042e-03 1.73132538e+04
7.98900162e-03 1.75154190e+04
8.17103828e-03 1.77157495e+04
8.35722281e-03 1.79140304e+04
8.54764972e-03 1.81100357e+04
8.74241568e-03 1.83035354e+04
8.94161957e-03 1.84942949e+04
9.14536249e-03 1.86820680e+04
9.35374788e-03 1.88665982e+04
9.56688152e-03 1.90476249e+04
9.78487161e-03 1.92248843e+04
1.00078288e-02 1.93981064e+04
1.02358663e-02 1.95670094e+04
1.04690998e-02 1.97313081e+04
1.07076477e-02 1.98907153e+04
1.09516312e-02 2.00449411e+04
1.12011741e-02 2.01936840e+04
1.14564030e-02 2.03366364e+04
1.17174475e-02 2.04734908e+04
1.19844402e-02 2.06039399e+04
1.22575166e-02 2.07276656e+04
1.25368152e-02 2.08443329e+04
1.28224780e-02 2.09536083e+04
1.31146498e-02 2.10551614e+04
1.34134790e-02 2.11486626e+04
1.37191173e-02 2.12337718e+04
1.40317198e-02 2.13101504e+04
1.43514453e-02 2.13774672e+04
1.46784560e-02 2.14353984e+04
1.50129180e-02 2.14836156e+04
1.53550010e-02 2.15217888e+04
1.57048786e-02 2.15495998e+04
1.60627285e-02 2.15667437e+04
1.64287324e-02 2.15729249e+04
1.68030760e-02 2.15678507e+04
1.71859493e-02 2.15512443e+04
1.75775468e-02 2.15228478e+04
1.79780672e-02 2.14824234e+04
1.83877138e-02 2.14297516e+04
1.88066945e-02 2.13646344e+04
1.92352221e-02 2.12868988e+04
1.96735141e-02 2.11963980e+04
2.01217930e-02 2.10930212e+04
2.05802864e-02 2.09766972e+04
2.10492269e-02 2.08473853e+04
2.15288526e-02 2.07050747e+04
2.20194071e-02 2.05497960e+04
2.25211393e-02 2.03816543e+04
2.30343039e-02 2.02007970e+04
2.35591614e-02 2.00074012e+04
2.40959783e-02 1.98016787e+04
2.46450271e-02 1.95839403e+04
2.52065864e-02 1.93545798e+04
2.57809414e-02 1.91140151e+04
2.63683836e-02 1.88626851e+04
2.69692111e-02 1.86011052e+04
2.75837291e-02 1.83299388e+04
2.82122494e-02 1.80498738e+04
2.88550911e-02 1.77615993e+04
2.95125806e-02 1.74658281e+04
3.01850516e-02 1.71634636e+04
3.08728454e-02 1.68554791e+04
3.15763112e-02 1.65428179e+04
3.22958061e-02 1.62263923e+04
3.30316954e-02 1.59072082e+04
3.37843526e-02 1.55863980e+04
3.45541598e-02 1.52650419e+04
3.53415077e-02 1.49441536e+04
3.61467960e-02 1.46247556e+04
3.69704336e-02 1.43081116e+04
3.78128385e-02 1.39954671e+04
3.86744384e-02 1.36879631e+04
3.95556706e-02 1.33866293e+04
4.04569825e-02 1.30922381e+04
4.13788316e-02 1.28053572e+04
4.23216859e-02 1.25264909e+04
4.32860239e-02 1.22560888e+04
4.42723353e-02 1.19947912e+04
4.52811207e-02 1.17437277e+04
4.63128921e-02 1.15039992e+04
4.73681735e-02 1.12766061e+04
4.84475003e-02 1.10621457e+04
4.95514206e-02 1.08597326e+04
5.06804947e-02 1.06681355e+04
5.18352959e-02 1.04862063e+04
5.30164102e-02 1.03128634e+04
5.42244372e-02 1.01470697e+04
5.54599903e-02 9.98784596e+03
5.67236965e-02 9.83425709e+03
5.80161975e-02 9.68516002e+03
5.93381492e-02 9.53924332e+03
6.06902229e-02 9.39526020e+03
6.20731047e-02 9.25177731e+03
6.34874968e-02 9.10695018e+03
6.49341171e-02 8.95899604e+03
6.64136999e-02 8.80600713e+03
6.79269964e-02 8.64565339e+03
6.94747747e-02 8.47574015e+03
7.10578206e-02 8.29459474e+03
7.26769376e-02 8.10122673e+03
7.43329476e-02 7.89496037e+03
7.60266913e-02 7.67605415e+03
7.77590285e-02 7.44541160e+03
7.95308386e-02 7.20438302e+03
8.13430210e-02 6.95535242e+03
8.31964957e-02 6.70081880e+03
8.50922034e-02 6.44366047e+03
8.70311065e-02 6.18680309e+03
8.90141894e-02 5.93314853e+03
9.10424585e-02 5.68558246e+03
9.31169436e-02 5.44688389e+03
9.52386978e-02 5.21994757e+03
9.74087980e-02 5.00723424e+03
9.96283460e-02 4.81095715e+03
1.01898468e-01 4.63303746e+03
1.04220317e-01 4.47450641e+03
1.06595072e-01 4.33526266e+03
1.09023938e-01 4.21467233e+03
1.11508147e-01 4.11032185e+03
1.14048962e-01 4.01941917e+03
1.16647671e-01 3.93808144e+03
1.19305594e-01 3.86211836e+03
1.22024080e-01 3.78719706e+03
1.24804510e-01 3.70910071e+03
1.27648294e-01 3.62425682e+03
1.30556876e-01 3.52977217e+03
1.33531733e-01 3.42411152e+03
1.36574375e-01 3.30681043e+03
1.39686346e-01 3.17893728e+03
1.42869226e-01 3.04255319e+03
1.46124632e-01 2.90075860e+03
1.49454214e-01 2.75749739e+03
1.52859664e-01 2.61720859e+03
1.56342710e-01 2.48476953e+03
1.59905121e-01 2.36442249e+03
1.63548704e-01 2.25927608e+03
1.67275310e-01 2.17023621e+03
1.71086830e-01 2.09620802e+03
1.74985199e-01 2.03444357e+03
1.78972396e-01 1.98135080e+03
1.83050444e-01 1.93295794e+03
1.87221415e-01 1.88502766e+03
1.91487425e-01 1.83330955e+03
1.95850640e-01 1.77438631e+03
2.00313274e-01 1.70687651e+03
2.04877594e-01 1.63186424e+03
2.09545916e-01 1.55238300e+03
2.14320611e-01 1.47238097e+03
2.19204100e-01 1.39587091e+03
2.24198865e-01 1.32634248e+03
2.29307440e-01 1.26605763e+03
2.34532418e-01 1.21544959e+03
2.39876452e-01 1.17311850e+03
2.45342255e-01 1.13629619e+03
2.50932601e-01 1.10138356e+03
2.56650328e-01 1.06477656e+03
2.62498339e-01 1.02418672e+03
2.68479602e-01 9.79541060e+02
2.74597154e-01 9.32533982e+02
2.80854100e-01 8.85593230e+02
2.87253615e-01 8.41323855e+02
2.93798950e-01 8.01907956e+02
3.00493426e-01 7.68041241e+02
3.07340441e-01 7.38555867e+02
3.14343473e-01 7.11328376e+02
3.21506074e-01 6.84297723e+02
3.28831882e-01 6.55999814e+02
3.36324615e-01 6.26148072e+02
3.43988077e-01 5.95882111e+02
3.51826158e-01 5.66927170e+02
3.59842837e-01 5.40447786e+02
3.68042182e-01 5.16726196e+02
3.76428358e-01 4.95213760e+02
3.85005620e-01 4.74700167e+02
3.93778323e-01 4.54119255e+02
4.02750919e-01 4.33271800e+02
4.11927965e-01 4.12665871e+02
4.21314118e-01 3.93031328e+02
4.30914143e-01 3.74908833e+02
4.40732913e-01 3.58186835e+02
4.50775413e-01 3.42314614e+02
4.61046740e-01 3.26840136e+02
4.71552109e-01 3.11553684e+02
4.82296852e-01 2.96754783e+02
4.93286424e-01 2.82751338e+02
5.04526403e-01 2.69620280e+02
5.16022495e-01 2.57206934e+02
5.27780537e-01 2.45227909e+02
5.39806495e-01 2.33626027e+02
5.52106477e-01 2.22469385e+02
5.64686724e-01 2.11895640e+02
5.77553624e-01 2.01870470e+02
5.90713708e-01 1.92307271e+02
6.04173657e-01 1.83108176e+02
6.17940302e-01 1.74299769e+02
6.32020633e-01 1.65903053e+02
6.46421798e-01 1.57922010e+02
6.61151105e-01 1.50311925e+02
6.76216034e-01 1.43042963e+02
6.91624231e-01 1.36101820e+02
7.07383517e-01 1.29476031e+02
7.23501893e-01 1.23153416e+02
7.39987541e-01 1.17122093e+02
7.56848829e-01 1.11370482e+02
7.74094317e-01 1.05887311e+02
7.91732759e-01 1.00661622e+02
8.09773109e-01 9.56827699e+01
8.28224525e-01 9.09402920e+01
8.47096373e-01 8.64235496e+01
8.66398234e-01 8.21222278e+01
8.86139904e-01 7.80264648e+01
9.06331407e-01 7.41268324e+01
9.26982991e-01 7.04143176e+01
9.48105141e-01 6.68803053e+01
9.69708578e-01 6.35165609e+01
9.91804268e-01 6.03152147e+01
1.01440343e+00 5.72687463e+01
1.03751753e+00 5.43700098e+01
1.06115831e+00 5.16122430e+01
1.08533777e+00 4.89889760e+01
1.11006818e+00 4.64940110e+01
1.13536209e+00 4.41214125e+01
1.16123234e+00 4.18654981e+01
1.18769208e+00 3.97208282e+01
1.21475472e+00 3.76821979e+01
1.24243401e+00 3.57446271e+01
1.27074400e+00 3.39033522e+01
1.29969905e+00 3.21538046e+01
1.32931388e+00 3.04916064e+01
1.35960350e+00 2.89125772e+01
1.39058330e+00 2.74127254e+01
1.42226901e+00 2.59882410e+01
1.45467670e+00 2.46354878e+01
1.48782283e+00 2.33509957e+01
1.52172422e+00 2.21314542e+01
1.55639809e+00 2.09737051e+01
1.59186203e+00 1.98747361e+01
1.62813406e+00 1.88316756e+01
1.66523257e+00 1.78417857e+01
1.70317641e+00 1.69024558e+01
1.74198483e+00 1.60111975e+01
1.78167754e+00 1.51656391e+01
1.82227468e+00 1.43635204e+01
1.86379686e+00 1.36026877e+01
1.90626516e+00 1.28810893e+01
1.94970115e+00 1.21967709e+01
1.99412686e+00 1.15478711e+01
2.03956485e+00 1.09326165e+01
2.08603819e+00 1.03493186e+01
2.13357046e+00 9.79637048e+00
2.18218581e+00 9.27224237e+00
2.23190889e+00 8.77547869e+00
2.28276496e+00 8.30469446e+00
2.33477984e+00 7.85857205e+00
2.38797992e+00 7.43585807e+00
2.44239221e+00 7.03536044e+00
2.49804433e+00 6.65594521e+00
2.55496454e+00 6.29653375e+00
2.61318173e+00 5.95610062e+00
2.67272545e+00 5.63367114e+00
2.73362593e+00 5.32831897e+00
2.79591407e+00 5.03916385e+00
2.85962152e+00 4.76536935e+00
2.92478059e+00 4.50614081e+00
2.99142437e+00 4.26072337e+00
3.05958669e+00 4.02840000e+00
3.12930216e+00 3.80848965e+00
3.20060615e+00 3.60034552e+00
3.27353487e+00 3.40335350e+00
3.34812533e+00 3.21693053e+00
3.42441541e+00 3.04052314e+00
3.50244383e+00 2.87360598e+00
3.58225019e+00 2.71568046e+00
3.66387501e+00 2.56627341e+00
3.74735973e+00 2.42493586e+00
3.83274673e+00 2.29124180e+00
3.92007935e+00 2.16478695e+00
4.00940191e+00 2.04518777e+00
4.10075978e+00 1.93208049e+00
4.19419932e+00 1.82512018e+00
4.28976796e+00 1.72397974e+00
4.38751422e+00 1.62834904e+00
4.48748771e+00 1.53793409e+00
4.58973920e+00 1.45245617e+00
4.69432057e+00 1.37165111e+00
4.80128493e+00 1.29526851e+00
4.91068657e+00 1.22307108e+00
5.02258102e+00 1.15483397e+00
5.13702509e+00 1.09034410e+00
5.25407688e+00 1.02939962e+00
5.37379579e+00 9.71809264e-01
5.49624261e+00 9.17391887e-01
5.62147949e+00 8.65975886e-01
5.74957001e+00 8.17398739e-01
5.88057918e+00 7.71506528e-01
6.01457352e+00 7.28153475e-01
6.15162104e+00 6.87201506e-01
6.29179132e+00 6.48519901e-01
6.43515550e+00 6.11984913e-01
6.58178636e+00 5.77479405e-01
6.73175834e+00 5.44892507e-01
6.88514757e+00 5.14119285e-01
7.04203191e+00 4.85060435e-01
7.20249100e+00 4.57621985e-01
7.36660630e+00 4.31715015e-01
7.53446112e+00 4.07255390e-01
7.70614066e+00 3.84163507e-01
7.88173208e+00 3.62364058e-01
8.06132450e+00 3.41785811e-01
8.24500910e+00 3.22361387e-01
8.43287912e+00 3.04027057e-01
8.62502993e+00 2.86722554e-01
8.82155908e+00 2.70390881e-01
9.02256631e+00 2.54978142e-01
9.22815368e+00 2.40433376e-01
9.43842554e+00 2.26708391e-01
9.65348864e+00 2.13757626e-01
9.87345215e+00 2.01538009e-01
1.00984277e+01 1.90008827e-01
1.03285296e+01 1.79131597e-01
1.05638745e+01 1.68869948e-01
1.08045820e+01 1.59189507e-01
1.10507742e+01 1.50057788e-01
1.13025761e+01 1.41444095e-01
1.15601156e+01 1.33319421e-01
1.18235233e+01 1.25656358e-01
1.20929330e+01 1.18429007e-01
1.23684815e+01 1.11612906e-01
1.26503086e+01 1.05184943e-01
1.29385574e+01 9.91232865e-02
1.32333741e+01 9.34073172e-02
1.35349086e+01 8.80175589e-02
1.38433138e+01 8.29356178e-02
1.41587463e+01 7.81441226e-02
1.44813662e+01 7.36266679e-02
1.48113372e+01 6.93677604e-02
1.51488270e+01 6.53527712e-02
1.54940068e+01 6.15678882e-02
1.58470518e+01 5.80000715e-02
1.62081413e+01 5.46370108e-02
1.65774585e+01 5.14670848e-02
1.69551910e+01 4.84793237e-02
1.73415304e+01 4.56633729e-02
1.77366729e+01 4.30094592e-02
1.81408191e+01 4.05083575e-02
1.85541742e+01 3.81513611e-02
1.89769479e+01 3.59302537e-02
1.94093549e+01 3.38372818e-02
1.98516146e+01 3.18651290e-02
2.03039517e+01 3.00068920e-02
2.07665957e+01 2.82560574e-02
2.12397814e+01 2.66064799e-02
2.17237492e+01 2.50523619e-02
2.22187445e+01 2.35882338e-02
2.27250188e+01 2.22089353e-02
2.32428290e+01 2.09095987e-02
2.37724380e+01 1.96856325e-02
2.43141145e+01 1.85327060e-02
2.48681337e+01 1.74467349e-02
2.54347767e+01 1.64238672e-02
2.60143312e+01 1.54604701e-02
2.66070914e+01 1.45531179e-02
2.72133582e+01 1.36985801e-02
2.78334392e+01 1.28938106e-02
2.84676494e+01 1.21359365e-02
2.91163107e+01 1.14222493e-02
2.97797523e+01 1.07501953e-02
3.04583110e+01 1.01173671e-02
3.11523313e+01 9.52149492e-03
3.18621654e+01 8.96043941e-03
3.25881738e+01 8.43218370e-03
3.33307249e+01 7.93482672e-03
3.40901958e+01 7.46657655e-03
3.48669719e+01 7.02574398e-03
3.56614475e+01 6.61073663e-03
3.64740260e+01 6.22005380e-03
3.73051198e+01 5.85228125e-03
3.81551508e+01 5.50608628e-03
3.90245506e+01 5.18021306e-03
3.99137604e+01 4.87347824e-03
4.08232317e+01 4.58476682e-03
4.17534261e+01 4.31302819e-03
4.27048159e+01 4.05727250e-03
4.36778839e+01 3.81656714e-03
4.46731241e+01 3.59003347e-03
4.56910419e+01 3.37684371e-03
4.67321538e+01 3.17621806e-03
4.77969883e+01 2.98742188e-03
4.88860861e+01 2.80976316e-03
5.00000000e+01 2.64259004e-03
