5.00000000e-04 1.35963121e+03
5.11392954e-04 1.38918415e+03
5.23045507e-04 1.41936553e+03
5.34963574e-04 1.45018788e+03
5.47153205e-04 1.48166393e+03
5.59620588e-04 1.51380663e+03
5.72372051e-04 1.54662911e+03
5.85414068e-04 1.58014470e+03
5.98753260e-04 1.61436697e+03
6.12396397e-04 1.64930969e+03
6.26350405e-04 1.68498683e+03
6.40622368e-04 1.72141253e+03
6.55219530e-04 1.75860114e+03
6.70149302e-04 1.79656723e+03
6.85419263e-04 1.83532558e+03
7.01037164e-04 1.87489118e+03
7.17010932e-04 1.91527920e+03
7.33348678e-04 1.95650504e+03
7.50058693e-04 1.99858432e+03
7.67149462e-04 2.04153282e+03
7.84629659e-04 2.08536648e+03
8.02508159e-04 2.13010144e+03
8.20794036e-04 2.17575406e+03
8.39496574e-04 2.22234089e+03
8.58625266e-04 2.26987859e+03
8.78189822e-04 2.31838403e+03
8.98200175e-04 2.36787427e+03
9.18666482e-04 2.41836656e+03
9.39599132e-04 2.46987823e+03
9.61008752e-04 2.52242673e+03
9.82906209e-04 2.57602971e+03
1.00530262e-03 2.63070497e+03
1.02820935e-03 2.68647040e+03
1.05163804e-03 2.74334393e+03
1.07560057e-03 2.80134358e+03
1.10010910e-03 2.86048756e+03
1.12517609e-03 2.92079414e+03
1.15081425e-03 2.98228149e+03
1.17703659e-03 3.04496781e+03
1.20385644e-03 3.10887139e+03
1.23128740e-03 3.17401060e+03
1.25934341e-03 3.24040371e+03
1.28803869e-03 3.30806893e+03
1.31738782e-03 3.37702447e+03
1.34740570e-03 3.44728859e+03
1.37810756e-03 3.51887941e+03
1.40950899e-03 3.59181475e+03
1.44162594e-03 3.66611230e+03
1.47447469e-03 3.74178972e+03
1.50807194e-03 3.81886452e+03
1.54243473e-03 3.89735386e+03
1.57758050e-03 3.97727460e+03
1.61352711e-03 4.05864343e+03
1.65029279e-03 4.14147687e+03
1.68789621e-03 4.22579106e+03
1.72635646e-03 4.31160161e+03
1.76569306e-03 4.39892387e+03
1.80592598e-03 4.48777285e+03
1.84707564e-03 4.57816317e+03
1.88916294e-03 4.67010864e+03
1.93220923e-03 4.76362252e+03
1.97623638e-03 4.85871759e+03
2.02126672e-03 4.95540618e+03
2.06732311e-03 5.05369983e+03
2.11442895e-03 5.15360925e+03
2.16260813e-03 5.25514458e+03
2.21188512e-03 5.35831528e+03
2.26228494e-03 5.46313001e+03
2.31383315e-03 5.56959625e+03
2.36655594e-03 5.67772062e+03
2.42048007e-03 5.78750894e+03
2.47563291e-03 5.89896612e+03
2.53204245e-03 6.01209578e+03
2.58973734e-03 6.12690042e+03
2.64874686e-03 6.24338148e+03
2.70910096e-03 6.36153935e+03
2.77083029e-03 6.48137302e+03
2.83396617e-03 6.60287977e+03
2.89854067e-03 6.72605562e+03
2.96458655e-03 6.85089530e+03
3.03213734e-03 6.97739209e+03
3.10122735e-03 7.10553729e+03
3.17189163e-03 7.23532054e+03
3.24416606e-03 7.36672996e+03
3.31808733e-03 7.49975207e+03
3.39369297e-03 7.63437107e+03
3.47102134e-03 7.77056884e+03
3.55011172e-03 7.90832544e+03
3.63100424e-03 8.04761908e+03
3.71373997e-03 8.18842579e+03
3.79836091e-03 8.33071889e+03
3.88491001e-03 8.47446949e+03
3.97343121e-03 8.61964663e+03
4.06396945e-03 8.76621706e+03
4.15657069e-03 8.91414414e+03
4.25128193e-03 9.06338832e+03
4.34815125e-03 9.21390763e+03
4.44722782e-03 9.36565767e+03
4.54856195e-03 9.51859115e+03
4.65220506e-03 9.67265765e+03
4.75820978e-03 9.82780409e+03
4.86662991e-03 9.98397476e+03
4.97752050e-03 1.01411103e+04
5.09093782e-03 1.02991437e+04
5.20693947e-03 1.04580036e+04
5.32558431e-03 1.06176154e+04
5.44693259e-03 1.07779018e+04
5.57104589e-03 1.09387875e+04
5.69798724e-03 1.11001993e+04
5.82782105e-03 1.12620618e+04
5.96061325e-03 1.14242965e+04
6.09643123e-03 1.15868134e+04
6.23534396e-03 1.17494950e+04
6.37742193e-03 1.19122158e+04
6.52273729e-03 1.20748457e+04
6.67136378e-03 1.22372513e+04
6.82337686e-03 1.23993074e+04
6.97885370e-03 1.25608912e+04
7.13787322e-03 1.27218764e+04
7.30051615e-03 1.28821340e+04
7.46686504e-03 1.30415321e+04
7.63700434e-03 1.31999371e+04
7.81102042e-03 1.33572128e+04
7.98900162e-03 1.35132201e+04
8.17103828e-03 1.36678132e+04
8.35722281e-03 1.38208265e+04
8.54764972e-03 1.39720857e+04
8.74241568e-03 1.41214133e+04
8.94161957e-03 1.42686283e+04
9.14536249e-03 1.44135411e+04
9.35374788e-03 1.45559535e+04
9.56688152e-03 1.46956647e+04
9.78487161e-03 1.48324712e+04
1.00078288e-02 1.49661646e+04
1.02358663e-02 1.50965275e+04
1.04690998e-02 1.52233396e+04
1.07076477e-02 1.53463792e+04
1.09516312e-02 1.54654225e+04
1.12011741e-02 1.55802368e+04
1.14564030e-02 1.56905850e+04
1.17174475e-02 1.57962299e+04
1.19844402e-02 1.58969347e+04
1.22575166e-02 1.59924538e+04
1.25368152e-02 1.60825288e+04
1.28224780e-02 1.61669019e+04
1.31146498e-02 1.62453181e+04
1.34134790e-02 1.63175230e+04
1.37191173e-02 1.63832543e+04
1.40317198e-02 1.64422508e+04
1.43514453e-02 1.64942574e+04
1.46784560e-02 1.65390242e+04
1.50129180e-02 1.65762977e+04
1.53550010e-02 1.66058230e+04
1.57048786e-02 1.66273541e+04
1.60627285e-02 1.66406553e+04
1.64287324e-02 1.66454982e+04
1.68030760e-02 1.66416574e+04
1.71859493e-02 1.66289193e+04
1.75775468e-02 1.66070852e+04
1.79780672e-02 1.65759718e+04
1.83877138e-02 1.65354094e+04
1.88066945e-02 1.64852448e+04
1.92352221e-02 1.64253438e+04
1.96735141e-02 1.63555929e+04
2.01217930e-02 1.62759060e+04
2.05802864e-02 1.61862283e+04
2.10492269e-02 1.60865286e+04
2.15288526e-02 1.59767984e+04
2.20194071e-02 1.58570615e+04
2.25211393e-02 1.57273987e+04
2.30343039e-02 1.55879233e+04
2.35591614e-02 1.54387719e+04
2.40959783e-02 1.52801075e+04
2.46450271e-02 1.51121695e+04
2.52065864e-02 1.49352614e+04
2.57809414e-02 1.47497051e+04
2.63683836e-02 1.45558389e+04
2.69692111e-02 1.43540601e+04
2.75837291e-02 1.41448814e+04
2.82122494e-02 1.39288338e+04
2.88550911e-02 1.37064495e+04
2.95125806e-02 1.34782790e+04
3.01850516e-02 1.32450189e+04
3.08728454e-02 1.30074197e+04
3.15763112e-02 1.27662087e+04
3.22958061e-02 1.25220893e+04
3.30316954e-02 1.22758377e+04
3.37843526e-02 1.20283278e+04
3.45541598e-02 1.17803939e+04
3.53415077e-02 1.15328184e+04
3.61467960e-02 1.12863906e+04
3.69704336e-02 1.10420859e+04
3.78128385e-02 1.08008653e+04
3.86744384e-02 1.05636092e+04
3.95556706e-02 1.03311124e+04
4.04569825e-02 1.01039708e+04
4.13788316e-02 9.88262254e+03
4.23216859e-02 9.66745670e+03
4.32860239e-02 9.45882017e+03
4.42723353e-02 9.25720732e+03
4.52811207e-02 9.06349027e+03
4.63128921e-02 8.87851917e+03
4.73681735e-02 8.70306649e+03
4.84475003e-02 8.53759363e+03
4.95514206e-02 8.38141701e+03
5.06804947e-02 8.23358624e+03
5.18352959e-02 8.09321496e+03
5.30164102e-02 7.95946842e+03
5.42244372e-02 7.83154630e+03
5.54599903e-02 7.70869336e+03
5.67236965e-02 7.59018814e+03
5.80161975e-02 7.47514853e+03
5.93381492e-02 7.36256229e+03
6.06902229e-02 7.25146704e+03
6.20731047e-02 7.14075646e+03
6.34874968e-02 7.02900695e+03
6.49341171e-02 6.91484255e+03
6.64136999e-02 6.79679073e+03
6.79269964e-02 6.67305292e+03
6.94747747e-02 6.54193501e+03
7.10578206e-02 6.40214591e+03
7.26769376e-02 6.25292131e+03
7.43329476e-02 6.09373977e+03
7.60266913e-02 5.92480066e+03
7.77590285e-02 5.74680108e+03
7.95308386e-02 5.56078308e+03
8.13430210e-02 5.36858681e+03
8.31964957e-02 5.17214121e+03
8.50922034e-02 4.97366783e+03
8.70311065e-02 4.77542473e+03
8.90141894e-02 4.57965178e+03
9.10424585e-02 4.38857657e+03
9.31169436e-02 4.20434444e+03
9.52386978e-02 4.02919021e+03
9.74087980e-02 3.86501362e+03
9.96283460e-02 3.71352287e+03
1.01898468e-01 3.57620045e+03
1.04220317e-01 3.45384236e+03
1.06595072e-01 3.34637102e+03
1.09023938e-01 3.25329763e+03
1.11508147e-01 3.17275912e+03
1.14048962e-01 3.10260019e+03
1.16647671e-01 3.03982388e+03
1.19305594e-01 2.98119599e+03
1.22024080e-01 2.92337188e+03
1.24804510e-01 2.86309630e+03
1.27648294e-01 2.79761158e+03
1.30556876e-01 2.72468447e+03
1.33531733e-01 2.64312999e+03
1.36574375e-01 2.55258958e+03
1.39686346e-01 2.45388763e+03
1.42869226e-01 2.34861507e+03
1.46124632e-01 2.23916563e+03
1.49454214e-01 2.12858371e+03
1.52859664e-01 2.02029573e+03
1.56342710e-01 1.91806642e+03
1.59905121e-01 1.82517056e+03
1.63548704e-01 1.74400808e+03
1.67275310e-01 1.67527866e+03
1.71086830e-01 1.61813697e+03
1.74985199e-01 1.57046139e+03
1.78972396e-01 1.52948011e+03
1.83050444e-01 1.49212673e+03
1.87221415e-01 1.45512975e+03
1.91487425e-01 1.41520878e+03
1.95850640e-01 1.36972566e+03
2.00313274e-01 1.31761393e+03
2.04877594e-01 1.25971051e+03
2.09545916e-01 1.19835713e+03
2.14320611e-01 1.13660158e+03
2.19204100e-01 1.07754132e+03
2.24198865e-01 1.02387018e+03
2.29307440e-01 9.77334535e+02
2.34532418e-01 9.38268695e+02
2.39876452e-01 9.05592404e+02
2.45342255e-01 8.77168557e+02
2.50932601e-01 8.50218521e+02
2.56650328e-01 8.21960648e+02
2.62498339e-01 7.90627832e+02
2.68479602e-01 7.56164236e+02
2.74597154e-01 7.19877401e+02
2.80854100e-01 6.83641672e+02
2.87253615e-01 6.49468183e+02
2.93798950e-01 6.19041369e+02
3.00493426e-01 5.92898073e+02
3.07340441e-01 5.70137091e+02
3.14343473e-01 5.49118959e+02
3.21506074e-01 5.28252716e+02
3.28831882e-01 5.06408152e+02
3.36324615e-01 4.83364175e+02
3.43988077e-01 4.60000273e+02
3.51826158e-01 4.37648314e+02
3.59842837e-01 4.17207447e+02
3.68042182e-01 3.98895481e+02
3.76428358e-01 3.82288856e+02
3.85005620e-01 3.66453210e+02
3.93778323e-01 3.50565687e+02
4.02750919e-01 3.34472305e+02
4.11927965e-01 3.18565364e+02
4.21314118e-01 3.03408278e+02
4.30914143e-01 2.89418363e+02
4.40732913e-01 2.76509691e+02
4.50775413e-01 2.64256966e+02
4.61046740e-01 2.52311168e+02
4.71552109e-01 2.40510589e+02
4.82296852e-01 2.29086378e+02
4.93286424e-01 2.18276210e+02
5.04526403e-01 2.08139478e+02
5.16022495e-01 1.98556818e+02
5.27780537e-01 1.89309390e+02
5.39806495e-01 1.80353105e+02
5.52106477e-01 1.71740520e+02
5.64686724e-01 1.63577963e+02
5.77553624e-01 1.55838844e+02
5.90713708e-01 1.48456351e+02
6.04173657e-01 1.41354905e+02
6.17940302e-01 1.34555076e+02
6.32020633e-01 1.28073056e+02
6.46421798e-01 1.21911919e+02
6.61151105e-01 1.16037159e+02
6.76216034e-01 1.10425732e+02
6.91624231e-01 1.05067366e+02
7.07383517e-01 9.99524411e+01
7.23501893e-01 9.50715552e+01
7.39987541e-01 9.04155357e+01
7.56848829e-01 8.59754437e+01
7.74094317e-01 8.17425781e+01
7.91732759e-01 7.77084792e+01
8.09773109e-01 7.38649313e+01
8.28224525e-01 7.02038564e+01
8.47096373e-01 6.67170425e+01
8.66398234e-01 6.33965269e+01
8.86139904e-01 6.02346970e+01
9.06331407e-01 5.72242744e+01
9.26982991e-01 5.43583017e+01
9.48105141e-01 5.16301282e+01
9.69708578e-01 4.90333974e+01
9.91804268e-01 4.65620339e+01
1.01440343e+00 4.42102325e+01
1.03751753e+00 4.19724765e+01
1.06115831e+00 3.98435458e+01
1.08533777e+00 3.78184455e+01
1.11006818e+00 3.58923911e+01
1.13536209e+00 3.40608005e+01
1.16123234e+00 3.23192868e+01
1.18769208e+00 3.06636511e+01
1.21475472e+00 2.90898749e+01
1.24243401e+00 2.75941141e+01
1.27074400e+00 2.61726910e+01
1.29969905e+00 2.48220788e+01
1.32931388e+00 2.35388982e+01
1.35960350e+00 2.23199218e+01
1.39058330e+00 2.11620684e+01
1.42226901e+00 2.00623968e+01
1.45467670e+00 1.90180999e+01
1.48782283e+00 1.80264991e+01
1.52172422e+00 1.70850386e+01
1.55639809e+00 1.61912803e+01
1.59186203e+00 1.53428991e+01
1.62813406e+00 1.45376780e+01
1.66523257e+00 1.37735033e+01
1.70317641e+00 1.30483599e+01
1.74198483e+00 1.23603268e+01
1.78167754e+00 1.17075731e+01
1.82227468e+00 1.10883538e+01
1.86379686e+00 1.05010064e+01
1.90626516e+00 9.94394711e+00
1.94970115e+00 9.41566723e+00
1.99412686e+00 8.91472970e+00
2.03956485e+00 8.43976558e+00
2.08603819e+00 7.98947145e+00
2.13357046e+00 7.56260660e+00
2.18218581e+00 7.15799022e+00
2.23190889e+00 6.77449861e+00
2.28276496e+00 6.41106257e+00
2.33477984e+00 6.06666494e+00
2.38797992e+00 5.74033812e+00
2.44239221e+00 5.43116185e+00
2.49804433e+00 5.13826074e+00
2.55496454e+00 4.86080213e+00
2.61318173e+00 4.59799440e+00
2.67272545e+00 4.34908512e+00
2.73362593e+00 4.11335919e+00
2.79591407e+00 3.89013706e+00
2.85962152e+00 3.67877302e+00
2.92478059e+00 3.47865363e+00
2.99142437e+00 3.28919614e+00
3.05958669e+00 3.10984702e+00
3.12930216e+00 2.94008052e+00
3.20060615e+00 2.77939732e+00
3.27353487e+00 2.62732332e+00
3.34812533e+00 2.48340842e+00
3.42441541e+00 2.34722535e+00
3.50244383e+00 2.21836856e+00
3.58225019e+00 2.09645312e+00
3.66387501e+00 1.98111378e+00
3.74735973e+00 1.87200392e+00
3.83274673e+00 1.76879469e+00
3.92007935e+00 1.67117399e+00
4.00940191e+00 1.57884571e+00
4.10075978e+00 1.49152907e+00
4.19419932e+00 1.40895776e+00
4.28976796e+00 1.33087928e+00
4.38751422e+00 1.25705423e+00
4.48748771e+00 1.18725563e+00
4.58973920e+00 1.12126833e+00
4.69432057e+00 1.05888838e+00
4.80128493e+00 9.99922498e-01
4.91068657e+00 9.44187490e-01
5.02258102e+00 8.91509765e-01
5.13702509e+00 8.41724840e-01
5.25407688e+00 7.94676877e-01
5.37379579e+00 7.50218238e-01
5.49624261e+00 7.08209069e-01
5.62147949e+00 6.68516900e-01
5.74957001e+00 6.31016265e-01
5.88057918e+00 5.95588344e-01
6.01457352e+00 5.62120599e-01
6.15162104e+00 5.30506443e-01
6.29179132e+00 5.00644963e-01
6.43515550e+00 4.72440631e-01
6.58178636e+00 4.45803021e-01
6.73175834e+00 4.20646543e-01
6.88514757e+00 3.96890192e-01
7.04203191e+00 3.74457307e-01
7.20249100e+00 3.53275345e-01
7.36660630e+00 3.33275661e-01
7.53446112e+00 3.14393303e-01
7.70614066e+00 2.96566818e-01
7.88173208e+00 2.79738069e-01
8.06132450e+00 2.63852066e-01
8.24500910e+00 2.48856791e-01
8.43287912e+00 2.34703049e-01
8.62502993e+00 2.21344311e-01
8.82155908e+00 2.08736578e-01
9.02256631e+00 1.96838244e-01
9.22815368e+00 1.85609966e-01
9.43842554e+00 1.75014542e-01
9.65348864e+00 1.65016800e-01
9.87345215e+00 1.55583489e-01
1.00984277e+01 1.46683181e-01
1.03285296e+01 1.38286167e-01
1.05638745e+01 1.30364369e-01
1.08045820e+01 1.22891252e-01
1.10507742e+01 1.15841738e-01
1.13025761e+01 1.09192131e-01
1.15601156e+01 1.02920038e-01
1.18235233e+01 9.70042986e-02
1.20929330e+01 9.14249220e-02
1.23684815e+01 8.61630216e-02
1.26503086e+01 8.12007562e-02
1.29385574e+01 7.65212729e-02
1.32333741e+01 7.21086532e-02
1.35349086e+01 6.79478620e-02
1.38433138e+01 6.40246997e-02
1.41587463e+01 6.03257561e-02
1.44813662e+01 5.68383663e-02
1.48113372e+01 5.35505701e-02
1.51488270e+01 5.04510742e-02
1.54940068e+01 4.75292161e-02
1.58470518e+01 4.47749292e-02
1.62081413e+01 4.21787102e-02
1.65774585e+01 3.97315878e-02
1.69551910e+01 3.74250935e-02
1.73415304e+01 3.52512337e-02
1.77366729e+01 3.32024637e-02
1.81408191e+01 3.12716619e-02
1.85541742e+01 2.94521068e-02
1.89769479e+01 2.77374554e-02
1.94093549e+01 2.61217221e-02
1.98516146e+01 2.45992588e-02
2.03039517e+01 2.31647362e-02
2.07665957e+01 2.18131261e-02
2.12397814e+01 2.05396844e-02
2.17237492e+01 1.93399354e-02
2.22187445e+01 1.82096568e-02
2.27250188e+01 1.71448649e-02
2.32428290e+01 1.61418018e-02
2.37724380e+01 1.51969233e-02
2.43141145e+01 1.43068860e-02
2.48681337e+01 1.34685371e-02
2.54347767e+01 1.26789027e-02
2.60143312e+01 1.19351785e-02
2.66070914e+01 1.12347200e-02
2.72133582e+01 1.05750333e-02
2.78334392e+01 9.95376676e-03
2.84676494e+01 9.36870265e-03
2.91163107e+01 8.81774998e-03
2.97797523e+01 8.29893736e-03
3.04583110e+01 7.81040624e-03
3.11523313e+01 7.35040456e-03
3.18621654e+01 6.91728063e-03
3.25881738e+01 6.50947750e-03
3.33307249e+01 6.12552759e-03
3.40901958e+01 5.76404754e-03
3.48669719e+01 5.42373335e-03
3.56614475e+01 5.10335571e-03
3.64740260e+01 4.80175613e-03
3.73051198e+01 4.51784283e-03
3.81551508e+01 4.25058700e-03
3.90245506e+01 3.99901917e-03
3.99137604e+01 3.76222582e-03
4.08232317e+01 3.53934618e-03
4.17534261e+01 3.32956922e-03
4.27048159e+01 3.13213079e-03
4.36778839e+01 2.94631092e-03
4.46731241e+01 2.77143132e-03
4.56910419e+01 2.60685298e-03
4.67321538e+01 2.45197388e-03
4.77969883e+01 2.30622692e-03
4.88860861e+01 2.16907787e-03
5.00000000e+01 2.04002350e-03
