5.00000000e-04 1.98752423e+03
5.11392954e-04 2.03071551e+03
5.23045507e-04 2.07482490e+03
5.34963574e-04 2.11987071e+03
5.47153205e-04 2.16587153e+03
5.59620588e-04 2.21284627e+03
5.72372051e-04 2.26081414e+03
5.85414068e-04 2.30979465e+03
5.98753260e-04 2.35980765e+03
6.12396397e-04 2.41087329e+03
6.26350405e-04 2.46301202e+03
6.40622368e-04 2.51624449e+03
6.55219530e-04 2.57059167e+03
6.70149302e-04 2.62607486e+03
6.85419263e-04 2.68271568e+03
7.01037164e-04 2.74053604e+03
7.17010932e-04 2.79955814e+03
7.33348678e-04 2.85980456e+03
7.50058693e-04 2.92129815e+03
7.67149462e-04 2.98406202e+03
7.84629659e-04 3.04811949e+03
8.02508159e-04 3.11349420e+03
8.20794036e-04 3.18021010e+03
8.39496574e-04 3.24829141e+03
8.58625266e-04 3.31776251e+03
8.78189822e-04 3.38864806e+03
8.98200175e-04 3.46097301e+03
9.18666482e-04 3.53476260e+03
9.39599132e-04 3.61004217e+03
9.61008752e-04 3.68683723e+03
9.82906209e-04 3.76517356e+03
1.00530262e-03 3.84507722e+03
1.02820935e-03 3.92657432e+03
1.05163804e-03 4.00969101e+03
1.07560057e-03 4.09445360e+03
1.10010910e-03 4.18088862e+03
1.12517609e-03 4.26902273e+03
1.15081425e-03 4.35888253e+03
1.17703659e-03 4.45049467e+03
1.20385644e-03 4.54388596e+03
1.23128740e-03 4.63908331e+03
1.25934341e-03 4.73611342e+03
1.28803869e-03 4.83500274e+03
1.31738782e-03 4.93577779e+03
1.34740570e-03 5.03846506e+03
1.37810756e-03 5.14309098e+03
1.40950899e-03 5.24968163e+03
1.44162594e-03 5.35826297e+03
1.47447469e-03 5.46886089e+03
1.50807194e-03 5.58150111e+03
1.54243473e-03 5.69620872e+03
1.57758050e-03 5.81300835e+03
1.61352711e-03 5.93192437e+03
1.65029279e-03 6.05298088e+03
1.68789621e-03 6.17620144e+03
1.72635646e-03 6.30160888e+03
1.76569306e-03 6.42922556e+03
1.80592598e-03 6.55907344e+03
1.84707564e-03 6.69117384e+03
1.88916294e-03 6.82554687e+03
1.93220923e-03 6.96221179e+03
1.97623638e-03 7.10118722e+03
2.02126672e-03 7.24249107e+03
2.06732311e-03 7.38614017e+03
2.11442895e-03 7.53215028e+03
2.16260813e-03 7.68053629e+03
2.21188512e-03 7.83131213e+03
2.26228494e-03 7.98449051e+03
2.31383315e-03 8.14008230e+03
2.36655594e-03 8.29809711e+03
2.42048007e-03 8.45854335e+03
2.47563291e-03 8.62142809e+03
2.53204245e-03 8.78675662e+03
2.58973734e-03 8.95453252e+03
2.64874686e-03 9.12475792e+03
2.70910096e-03 9.29743336e+03
2.77083029e-03 9.47255733e+03
2.83396617e-03 9.65012582e+03
2.89854067e-03 9.83013298e+03
2.96458655e-03 1.00125711e+04
3.03213734e-03 1.01974302e+04
3.10122735e-03 1.03846977e+04
3.17189163e-03 1.05743582e+04
3.24416606e-03 1.07663942e+04
3.31808733e-03 1.09607861e+04
3.39369297e-03 1.11575106e+04
3.47102134e-03 1.13565413e+04
3.55011172e-03 1.15578490e+04
3.63100424e-03 1.17614020e+04
3.71373997e-03 1.19671651e+04
3.79836091e-03 1.21750993e+04
3.88491001e-03 1.23851624e+04
3.97343121e-03 1.25973089e+04
4.06396945e-03 1.28114902e+04
4.15657069e-03 1.30276527e+04
4.25128193e-03 1.32457385e+04
4.34815125e-03 1.34656861e+04
4.44722782e-03 1.36874304e+04
4.54856195e-03 1.39109025e+04
4.65220506e-03 1.41360286e+04
4.75820978e-03 1.43627314e+04
4.86662991e-03 1.45909294e+04
4.97752050e-03 1.48205361e+04
5.09093782e-03 1.50514532e+04
5.20693947e-03 1.52835762e+04
5.32558431e-03 1.55167956e+04
5.44693259e-03 1.57509980e+04
5.57104589e-03 1.59860734e+04
5.69798724e-03 1.62219148e+04
5.82782105e-03 1.64584119e+04
5.96061325e-03 1.66954504e+04
6.09643123e-03 1.69328987e+04
6.23534396e-03 1.71705852e+04
6.37742193e-03 1.74083264e+04
6.52273729e-03 1.76459321e+04
6.67136378e-03 1.78832075e+04
6.82337686e-03 1.81199694e+04
6.97885370e-03 1.83560384e+04
7.13787322e-03 1.85912302e+04
7.30051615e-03 1.88253557e+04
7.46686504e-03 1.90582226e+04
7.63700434e-03 1.92896354e+04
7.81102042e-03 1.95193947e+04
7.98900162e-03 1.97472970e+04
8.17103828e-03 1.99731295e+04
8.35722281e-03 2.01966498e+04
8.54764972e-03 2.04176036e+04
8.74241568e-03 2.06357317e+04
8.94161957e-03 2.08507699e+04
9.14536249e-03 2.10624407e+04
9.35374788e-03 2.12704545e+04
9.56688152e-03 2.14745174e+04
9.78487161e-03 2.16743317e+04
1.00078288e-02 2.18695928e+04
1.02358663e-02 2.20599834e+04
1.04690998e-02 2.22451820e+04
1.07076477e-02 2.24248654e+04
1.09516312e-02 2.25987068e+04
1.12011741e-02 2.27663662e+04
1.14564030e-02 2.29274963e+04
1.17174475e-02 2.30817500e+04
1.19844402e-02 2.32287808e+04
1.22575166e-02 2.33682295e+04
1.25368152e-02 2.34997193e+04
1.28224780e-02 2.36228746e+04
1.31146498e-02 2.37373234e+04
1.34134790e-02 2.38426947e+04
1.37191173e-02 2.39386047e+04
1.40317198e-02 2.40246714e+04
1.43514453e-02 2.41005211e+04
1.46784560e-02 2.41657885e+04
1.50129180e-02 2.42201031e+04
1.53550010e-02 2.42630933e+04
1.57048786e-02 2.42944006e+04
1.60627285e-02 2.43136813e+04
1.64287324e-02 2.43206026e+04
1.68030760e-02 2.43148344e+04
1.71859493e-02 2.42960644e+04
1.75775468e-02 2.42640019e+04
1.79780672e-02 2.42183788e+04
1.83877138e-02 2.41589477e+04
1.88066945e-02 2.40854859e+04
1.92352221e-02 2.39977986e+04
1.96735141e-02 2.38957210e+04
2.01217930e-02 2.37791279e+04
2.05802864e-02 2.36479391e+04
2.10492269e-02 2.35021084e+04
2.15288526e-02 2.33416235e+04
2.20194071e-02 2.31665188e+04
2.25211393e-02 2.29769130e+04
2.30343039e-02 2.27729727e+04
2.35591614e-02 2.25548982e+04
2.40959783e-02 2.23229284e+04
2.46450271e-02 2.20774140e+04
2.52065864e-02 2.18187988e+04
2.57809414e-02 2.15475538e+04
2.63683836e-02 2.12641736e+04
2.69692111e-02 2.09692393e+04
2.75837291e-02 2.06634991e+04
2.82122494e-02 2.03477288e+04
2.88550911e-02 2.00227054e+04
2.95125806e-02 1.96892328e+04
3.01850516e-02 1.93483292e+04
3.08728454e-02 1.90010919e+04
3.15763112e-02 1.86485839e+04
3.22958061e-02 1.82918335e+04
3.30316954e-02 1.79319749e+04
3.37843526e-02 1.75702848e+04
3.45541598e-02 1.72079812e+04
3.53415077e-02 1.68462072e+04
3.61467960e-02 1.64861156e+04
3.69704336e-02 1.61291309e+04
3.78128385e-02 1.57766569e+04
3.86744384e-02 1.54299797e+04
3.95556706e-02 1.50902600e+04
4.04569825e-02 1.47583682e+04
4.13788316e-02 1.44349440e+04
4.23216859e-02 1.41205555e+04
4.32860239e-02 1.38157092e+04
4.42723353e-02 1.35211270e+04
4.52811207e-02 1.32380825e+04
4.63128921e-02 1.29678171e+04
4.73681735e-02 1.27114589e+04
4.84475003e-02 1.24696814e+04
4.95514206e-02 1.22414859e+04
5.06804947e-02 1.20254837e+04
5.18352959e-02 1.18203802e+04
5.30164102e-02 1.16249556e+04
5.42244372e-02 1.14380412e+04
5.54599903e-02 1.12585336e+04
5.67236965e-02 1.10853793e+04
5.80161975e-02 1.09172896e+04
5.93381492e-02 1.07527859e+04
6.06902229e-02 1.05904625e+04
6.20731047e-02 1.04287036e+04
6.34874968e-02 1.02654305e+04
6.49341171e-02 1.00986340e+04
6.64136999e-02 9.92616395e+03
6.79269964e-02 9.74539325e+03
6.94747747e-02 9.55384756e+03
7.10578206e-02 9.34964141e+03
7.26769376e-02 9.13165907e+03
7.43329476e-02 8.89913950e+03
7.60266913e-02 8.65237399e+03
7.77590285e-02 8.39238050e+03
7.95308386e-02 8.12068078e+03
8.13430210e-02 7.83996226e+03
8.31964957e-02 7.55304200e+03
8.50922034e-02 7.26316439e+03
8.70311065e-02 6.97362708e+03
8.90141894e-02 6.68770112e+03
9.10424585e-02 6.40863951e+03
9.31169436e-02 6.13957471e+03
9.52386978e-02 5.88376909e+03
9.74087980e-02 5.64399583e+03
9.96283460e-02 5.42274960e+03
1.01898468e-01 5.22219598e+03
1.04220317e-01 5.04349743e+03
1.06595072e-01 4.88653970e+03
1.09023938e-01 4.75060819e+03
1.11508147e-01 4.63298208e+03
1.14048962e-01 4.53051390e+03
1.16647671e-01 4.43882712e+03
1.19305594e-01 4.35319877e+03
1.22024080e-01 4.26874509e+03
1.24804510e-01 4.18071305e+03
1.27648294e-01 4.08507584e+03
1.30556876e-01 3.97857233e+03
1.33531733e-01 3.85947232e+03
1.36574375e-01 3.72725248e+03
1.39686346e-01 3.58311647e+03
1.42869226e-01 3.42938748e+03
1.46124632e-01 3.26956123e+03
1.49454214e-01 3.10808298e+03
1.52859664e-01 2.94995532e+03
1.56342710e-01 2.80067502e+03
1.59905121e-01 2.66502388e+03
1.63548704e-01 2.54650667e+03
1.67275310e-01 2.44614476e+03
1.71086830e-01 2.36270347e+03
1.74985199e-01 2.29308451e+03
1.78972396e-01 2.23323966e+03
1.83050444e-01 2.17869274e+03
1.87221415e-01 2.12466751e+03
1.91487425e-01 2.06637257e+03
1.95850640e-01 1.99995682e+03
2.00313274e-01 1.92386316e+03
2.04877594e-01 1.83931366e+03
2.09545916e-01 1.74972723e+03
2.14320611e-01 1.65955365e+03
2.19204100e-01 1.57331652e+03
2.24198865e-01 1.49494833e+03
2.29307440e-01 1.42699883e+03
2.34532418e-01 1.36995647e+03
2.39876452e-01 1.32224382e+03
2.45342255e-01 1.28073984e+03
2.50932601e-01 1.24138831e+03
2.56650328e-01 1.20012729e+03
2.62498339e-01 1.15437723e+03
2.68479602e-01 1.10405558e+03
2.74597154e-01 1.05107242e+03
2.80854100e-01 9.98164414e+02
2.87253615e-01 9.48267364e+02
2.93798950e-01 9.03840651e+02
3.00493426e-01 8.65668624e+02
3.07340441e-01 8.32434910e+02
3.14343473e-01 8.01746003e+02
3.21506074e-01 7.71279407e+02
3.28831882e-01 7.39383941e+02
3.36324615e-01 7.05737630e+02
3.43988077e-01 6.71624334e+02
3.51826158e-01 6.38988584e+02
3.59842837e-01 6.09143227e+02
3.68042182e-01 5.82406272e+02
3.76428358e-01 5.58159137e+02
3.85005620e-01 5.35037901e+02
3.93778323e-01 5.11840889e+02
4.02750919e-01 4.88343441e+02
4.11927965e-01 4.65118198e+02
4.21314118e-01 4.42987875e+02
4.30914143e-01 4.22561728e+02
4.40732913e-01 4.03714235e+02
4.50775413e-01 3.85824419e+02
4.61046740e-01 3.68382897e+02
4.71552109e-01 3.51153370e+02
4.82296852e-01 3.34473524e+02
4.93286424e-01 3.18690026e+02
5.04526403e-01 3.03889911e+02
5.16022495e-01 2.89898704e+02
5.27780537e-01 2.76397046e+02
5.39806495e-01 2.63320508e+02
5.52106477e-01 2.50745718e+02
5.64686724e-01 2.38828044e+02
5.77553624e-01 2.27528610e+02
5.90713708e-01 2.16749864e+02
6.04173657e-01 2.06381493e+02
6.17940302e-01 1.96453488e+02
6.32020633e-01 1.86989464e+02
6.46421798e-01 1.77994012e+02
6.61151105e-01 1.69416721e+02
6.76216034e-01 1.61223887e+02
6.91624231e-01 1.53400520e+02
7.07383517e-01 1.45932574e+02
7.23501893e-01 1.38806329e+02
7.39987541e-01 1.32008393e+02
7.56848829e-01 1.25525719e+02
7.74094317e-01 1.19345604e+02
7.91732759e-01 1.13455699e+02
8.09773109e-01 1.07844010e+02
8.28224525e-01 1.02498743e+02
8.47096373e-01 9.74079070e+01
8.66398234e-01 9.25598760e+01
8.86139904e-01 8.79435337e+01
9.06331407e-01 8.35482528e+01
9.26982991e-01 7.93638743e+01
9.48105141e-01 7.53806875e+01
9.69708578e-01 7.15894110e+01
9.91804268e-01 6.79811744e+01
1.01440343e+00 6.45475012e+01
1.03751753e+00 6.12803368e+01
1.06115831e+00 5.81720599e+01
1.08533777e+00 5.52153778e+01
1.11006818e+00 5.24033051e+01
1.13536209e+00 4.97291521e+01
1.16123234e+00 4.71865137e+01
1.18769208e+00 4.47692593e+01
1.21475472e+00 4.24715221e+01
1.24243401e+00 4.02876893e+01
1.27074400e+00 3.82123916e+01
1.29969905e+00 3.62404797e+01
1.32931388e+00 3.43670195e+01
1.35960350e+00 3.25872988e+01
1.39058330e+00 3.08968188e+01
1.42226901e+00 2.92912854e+01
1.45467670e+00 2.77665999e+01
1.48782283e+00 2.63188515e+01
1.52172422e+00 2.49443086e+01
1.55639809e+00 2.36394116e+01
1.59186203e+00 2.24007656e+01
1.62813406e+00 2.12251339e+01
1.66523257e+00 2.01094305e+01
1.70317641e+00 1.90507132e+01
1.74198483e+00 1.80461775e+01
1.78167754e+00 1.70931501e+01
1.82227468e+00 1.61890835e+01
1.86379686e+00 1.53315504e+01
1.90626516e+00 1.45182384e+01
1.94970115e+00 1.37469447e+01
1.99412686e+00 1.30155713e+01
2.03956485e+00 1.23221194e+01
2.08603819e+00 1.16646861e+01
2.13357046e+00 1.10414598e+01
2.18218581e+00 1.04507165e+01
2.23190889e+00 9.89081558e+00
2.28276496e+00 9.36019605e+00
2.33477984e+00 8.85737277e+00
2.38797992e+00 8.38093305e+00
2.44239221e+00 7.92953328e+00
2.49804433e+00 7.50189539e+00
2.55496454e+00 7.09680368e+00
2.61318173e+00 6.71310238e+00
2.67272545e+00 6.34969296e+00
2.73362593e+00 6.00553134e+00
2.79591407e+00 5.67962537e+00
2.85962152e+00 5.37103234e+00
2.92478059e+00 5.07885660e+00
2.99142437e+00 4.80224732e+00
3.05958669e+00 4.54039636e+00
3.12930216e+00 4.29253611e+00
3.20060615e+00 4.05793755e+00
3.27353487e+00 3.83590850e+00
3.34812533e+00 3.62579180e+00
3.42441541e+00 3.42696364e+00
3.50244383e+00 3.23883189e+00
3.58225019e+00 3.06083458e+00
3.66387501e+00 2.89243840e+00
3.74735973e+00 2.73313733e+00
3.83274673e+00 2.58245120e+00
3.92007935e+00 2.43992435e+00
4.00940191e+00 2.30512449e+00
4.10075978e+00 2.17764164e+00
4.19419932e+00 2.05708700e+00
4.28976796e+00 1.94309192e+00
4.38751422e+00 1.83530687e+00
4.48748771e+00 1.73340045e+00
4.58973920e+00 1.63705855e+00
4.69432057e+00 1.54598341e+00
4.80128493e+00 1.45989282e+00
4.91068657e+00 1.37851933e+00
5.02258102e+00 1.30160949e+00
5.13702509e+00 1.22892316e+00
5.25407688e+00 1.16023281e+00
5.37379579e+00 1.09532291e+00
5.49624261e+00 1.03398925e+00
5.62147949e+00 9.76038432e-01
5.74957001e+00 9.21287278e-01
5.88057918e+00 8.69562306e-01
6.01457352e+00 8.20699211e-01
6.15162104e+00 7.74542371e-01
6.29179132e+00 7.30944453e-01
6.43515550e+00 6.89765983e-01
6.58178636e+00 6.50874935e-01
6.73175834e+00 6.14146349e-01
6.88514757e+00 5.79461955e-01
7.04203191e+00 5.46709827e-01
7.20249100e+00 5.15784049e-01
7.36660630e+00 4.86584402e-01
7.53446112e+00 4.59016054e-01
7.70614066e+00 4.32989284e-01
7.88173208e+00 4.08419214e-01
8.06132450e+00 3.85225556e-01
8.24500910e+00 3.63332367e-01
8.43287912e+00 3.42667819e-01
8.62502993e+00 3.23163984e-01
8.82155908e+00 3.04756620e-01
9.02256631e+00 2.87384982e-01
9.22815368e+00 2.70991632e-01
9.43842554e+00 2.55522253e-01
9.65348864e+00 2.40925492e-01
9.87345215e+00 2.27152805e-01
1.00984277e+01 2.14158304e-01
1.03285296e+01 2.01898616e-01
1.05638745e+01 1.90332746e-01
1.08045820e+01 1.79421953e-01
1.10507742e+01 1.69129623e-01
1.13025761e+01 1.59421158e-01
1.15601156e+01 1.50263866e-01
1.18235233e+01 1.41626852e-01
1.20929330e+01 1.33480930e-01
1.23684815e+01 1.25798525e-01
1.26503086e+01 1.18553588e-01
1.29385574e+01 1.11721515e-01
1.32333741e+01 1.05279064e-01
1.35349086e+01 9.92042852e-02
1.38433138e+01 9.34764454e-02
1.41587463e+01 8.80759663e-02
1.44813662e+01 8.29843572e-02
1.48113372e+01 7.81841558e-02
1.51488270e+01 7.36588739e-02
1.54940068e+01 6.93929442e-02
1.58470518e+01 6.53716693e-02
1.62081413e+01 6.15811744e-02
1.65774585e+01 5.80083613e-02
1.69551910e+01 5.46408658e-02
1.73415304e+01 5.14670175e-02
1.77366729e+01 4.84758008e-02
1.81408191e+01 4.56568182e-02
1.85541742e+01 4.30002565e-02
1.89769479e+01 4.04968548e-02
1.94093549e+01 3.81378742e-02
1.98516146e+01 3.59150685e-02
2.03039517e+01 3.38206569e-02
2.07665957e+01 3.18472982e-02
2.12397814e+01 2.99880660e-02
2.17237492e+01 2.82364258e-02
2.22187445e+01 2.65862128e-02
2.27250188e+01 2.50316110e-02
2.32428290e+01 2.35671338e-02
2.37724380e+01 2.21876063e-02
2.43141145e+01 2.08881474e-02
2.48681337e+01 1.96641536e-02
2.54347767e+01 1.85112833e-02
2.60143312e+01 1.74254422e-02
2.66070914e+01 1.64027690e-02
2.72133582e+01 1.54396227e-02
2.78334392e+01 1.45325700e-02
2.84676494e+01 1.36783729e-02
2.91163107e+01 1.28739787e-02
2.97797523e+01 1.21165091e-02
3.04583110e+01 1.14032506e-02
3.11523313e+01 1.07316453e-02
3.18621654e+01 1.00992816e-02
3.25881738e+01 9.50388640e-03
3.33307249e+01 8.94331706e-03
3.40901958e+01 8.41555389e-03
3.48669719e+01 7.91869299e-03
3.56614475e+01 7.45093960e-03
3.64740260e+01 7.01060227e-03
3.73051198e+01 6.59608704e-03
3.81551508e+01 6.20589182e-03
3.90245506e+01 5.83860117e-03
3.99137604e+01 5.49288136e-03
4.08232317e+01 5.16747565e-03
4.17534261e+01 4.86119992e-03
4.27048159e+01 4.57293852e-03
4.36778839e+01 4.30164029e-03
4.46731241e+01 4.04631492e-03
4.56910419e+01 3.80602944e-03
4.67321538e+01 3.57990492e-03
4.77969883e+01 3.36711337e-03
4.88860861e+01 3.16687482e-03
5.00000000e+01 2.97845455e-03
