5.00000000e-04 7.98627077e+00
5.11392954e-04 8.16072785e+00
5.23045507e-04 8.33894663e+00
5.34963574e-04 8.52100471e+00
5.47153205e-04 8.70698118e+00
5.59620588e-04 8.89695658e+00
5.72372051e-04 9.09101277e+00
5.85414068e-04 9.28923302e+00
5.98753260e-04 9.49170215e+00
6.12396397e-04 9.69850650e+00
6.26350405e-04 9.90973375e+00
6.40622368e-04 1.01254727e+01
6.55219530e-04 1.03458136e+01
6.70149302e-04 1.05708485e+01
6.85419263e-04 1.08006707e+01
7.01037164e-04 1.10353745e+01
7.17010932e-04 1.12750558e+01
7.33348678e-04 1.15198117e+01
7.50058693e-04 1.17697412e+01
7.67149462e-04 1.20249442e+01
7.84629659e-04 1.22855220e+01
8.02508159e-04 1.25515772e+01
8.20794036e-04 1.28232140e+01
8.39496574e-04 1.31005379e+01
8.58625266e-04 1.33836548e+01
8.78189822e-04 1.36726718e+01
8.98200175e-04 1.39676975e+01
9.18666482e-04 1.42688419e+01
9.39599132e-04 1.45762154e+01
9.61008752e-04 1.48899294e+01
9.82906209e-04 1.52100964e+01
1.00530262e-03 1.55368302e+01
1.02820935e-03 1.58702450e+01
1.05163804e-03 1.62104547e+01
1.07560057e-03 1.65575739e+01
1.10010910e-03 1.69117185e+01
1.12517609e-03 1.72730047e+01
1.15081425e-03 1.76415485e+01
1.17703659e-03 1.80174657e+01
1.20385644e-03 1.84008733e+01
1.23128740e-03 1.87918884e+01
1.25934341e-03 1.91906271e+01
1.28803869e-03 1.95972039e+01
1.31738782e-03 2.00117337e+01
1.34740570e-03 2.04343313e+01
1.37810756e-03 2.08651106e+01
1.40950899e-03 2.13041830e+01
1.44162594e-03 2.17516593e+01
1.47447469e-03 2.22076494e+01
1.50807194e-03 2.26722627e+01
1.54243473e-03 2.31456049e+01
1.57758050e-03 2.36277794e+01
1.61352711e-03 2.41188885e+01
1.65029279e-03 2.46190325e+01
1.68789621e-03 2.51283090e+01
1.72635646e-03 2.56468106e+01
1.76569306e-03 2.61746279e+01
1.80592598e-03 2.67118488e+01
1.84707564e-03 2.72585582e+01
1.88916294e-03 2.78148355e+01
1.93220923e-03 2.83807564e+01
1.97623638e-03 2.89563930e+01
2.02126672e-03 2.95418136e+01
2.06732311e-03 3.01370808e+01
2.11442895e-03 3.07422511e+01
2.16260813e-03 3.13573764e+01
2.21188512e-03 3.19825037e+01
2.26228494e-03 3.26176747e+01
2.31383315e-03 3.32629246e+01
2.36655594e-03 3.39182833e+01
2.42048007e-03 3.45837744e+01
2.47563291e-03 3.52594155e+01
2.53204245e-03 3.59452173e+01
2.58973734e-03 3.66411840e+01
2.64874686e-03 3.73473125e+01
2.70910096e-03 3.80635928e+01
2.77083029e-03 3.87900074e+01
2.83396617e-03 3.95265318e+01
2.89854067e-03 4.02731337e+01
2.96458655e-03 4.10297723e+01
3.03213734e-03 4.17963990e+01
3.10122735e-03 4.25729586e+01
3.17189163e-03 4.33593876e+01
3.24416606e-03 4.41556138e+01
3.31808733e-03 4.49615553e+01
3.39369297e-03 4.57771201e+01
3.47102134e-03 4.66022059e+01
3.55011172e-03 4.74366999e+01
3.63100424e-03 4.82804791e+01
3.71373997e-03 4.91334092e+01
3.79836091e-03 4.99953429e+01
3.88491001e-03 5.08661217e+01
3.97343121e-03 5.17455752e+01
4.06396945e-03 5.26335202e+01
4.15657069e-03 5.35297498e+01
4.25128193e-03 5.44340386e+01
4.34815125e-03 5.53461472e+01
4.44722782e-03 5.62658222e+01
4.54856195e-03 5.71927926e+01
4.65220506e-03 5.81267672e+01
4.75820978e-03 5.90674390e+01
4.86662991e-03 6.00144862e+01
4.97752050e-03 6.09675595e+01
5.09093782e-03 6.19262389e+01
5.20693947e-03 6.28900685e+01
5.32558431e-03 6.38585714e+01
5.44693259e-03 6.48312551e+01
5.57104589e-03 6.58077019e+01
5.69798724e-03 6.67875631e+01
5.82782105e-03 6.77704826e+01
5.96061325e-03 6.87560939e+01
6.09643123e-03 6.97439003e+01
6.23534396e-03 7.07330806e+01
6.37742193e-03 7.17227315e+01
6.52273729e-03 7.27119131e+01
6.67136378e-03 7.36996766e+01
6.82337686e-03 7.46852727e+01
6.97885370e-03 7.56680495e+01
7.13787322e-03 7.66473411e+01
7.30051615e-03 7.76224661e+01
7.46686504e-03 7.85926823e+01
7.63700434e-03 7.95571632e+01
7.81102042e-03 8.05150580e+01
7.98900162e-03 8.14654980e+01
8.17103828e-03 8.24075769e+01
8.35722281e-03 8.33402794e+01
8.54764972e-03 8.42625436e+01
8.74241568e-03 8.51732868e+01
8.94161957e-03 8.60714059e+01
9.14536249e-03 8.69557541e+01
9.35374788e-03 8.78251460e+01
9.56688152e-03 8.86783783e+01
9.78487161e-03 8.95142328e+01
1.00078288e-02 9.03314654e+01
1.02358663e-02 9.11287885e+01
1.04690998e-02 9.19048992e+01
1.07076477e-02 9.26584863e+01
1.09516312e-02 9.33882222e+01
1.12011741e-02 9.40926879e+01
1.14564030e-02 9.47704172e+01
1.17174475e-02 9.54199425e+01
1.19844402e-02 9.60397964e+01
1.22575166e-02 9.66284501e+01
1.25368152e-02 9.71842856e+01
1.28224780e-02 9.77056877e+01
1.31146498e-02 9.81910549e+01
1.34134790e-02 9.86388030e+01
1.37191173e-02 9.90473620e+01
1.40317198e-02 9.94151882e+01
1.43514453e-02 9.97407720e+01
1.46784560e-02 1.00022638e+02
1.50129180e-02 1.00259266e+02
1.53550010e-02 1.00449111e+02
1.57048786e-02 1.00590682e+02
1.60627285e-02 1.00682549e+02
1.64287324e-02 1.00723306e+02
1.68030760e-02 1.00711521e+02
1.71859493e-02 1.00645824e+02
1.75775468e-02 1.00524937e+02
1.79780672e-02 1.00347683e+02
1.83877138e-02 1.00113026e+02
1.88066945e-02 9.98200608e+01
1.92352221e-02 9.94679985e+01
1.96735141e-02 9.90561714e+01
2.01217930e-02 9.85840566e+01
2.05802864e-02 9.80512872e+01
2.10492269e-02 9.74576353e+01
2.15288526e-02 9.68030149e+01
2.20194071e-02 9.60875346e+01
2.25211393e-02 9.53116610e+01
2.30343039e-02 9.44760601e+01
2.35591614e-02 9.35815396e+01
2.40959783e-02 9.26290683e+01
2.46450271e-02 9.16200861e+01
2.52065864e-02 9.05564252e+01
2.57809414e-02 8.94400309e+01
2.63683836e-02 8.82729487e+01
2.69692111e-02 8.70575806e+01
2.75837291e-02 8.57970204e+01
2.82122494e-02 8.44944757e+01
2.88550911e-02 8.31531620e+01
2.95125806e-02 8.17764076e+01
3.01850516e-02 8.03684297e+01
3.08728454e-02 7.89337742e+01
3.15763112e-02 7.74768473e+01
3.22958061e-02 7.60019139e+01
3.30316954e-02 7.45136847e+01
3.37843526e-02 7.30174710e+01
3.45541598e-02 7.15183424e+01
3.53415077e-02 7.00210582e+01
3.61467960e-02 6.85304186e+01
3.69704336e-02 6.70523506e+01
3.78128385e-02 6.55926965e+01
3.86744384e-02 6.41568110e+01
3.95556706e-02 6.27495296e+01
4.04569825e-02 6.13744842e+01
4.13788316e-02 6.00343516e+01
4.23216859e-02 5.87315104e+01
4.32860239e-02 5.74680831e+01
4.42723353e-02 5.62470869e+01
4.52811207e-02 5.50738298e+01
4.63128921e-02 5.39534874e+01
4.73681735e-02 5.28907646e+01
4.84475003e-02 5.18884783e+01
4.95514206e-02 5.09424926e+01
5.06804947e-02 5.00470500e+01
5.18352959e-02 4.91967799e+01
5.30164102e-02 4.83866229e+01
5.42244372e-02 4.76117245e+01
5.54599903e-02 4.68675027e+01
5.67236965e-02 4.61495793e+01
5.80161975e-02 4.54525973e+01
5.93381492e-02 4.47704066e+01
6.06902229e-02 4.40971589e+01
6.20731047e-02 4.34261298e+01
6.34874968e-02 4.27486648e+01
6.49341171e-02 4.20563975e+01
6.64136999e-02 4.13403728e+01
6.79269964e-02 4.05896513e+01
6.94747747e-02 3.97939270e+01
7.10578206e-02 3.89453444e+01
7.26769376e-02 3.80392522e+01
7.43329476e-02 3.70724752e+01
7.60266913e-02 3.60462213e+01
7.77590285e-02 3.49647250e+01
7.95308386e-02 3.38343214e+01
8.13430210e-02 3.26662036e+01
8.31964957e-02 3.14721072e+01
8.50922034e-02 3.02655490e+01
8.70311065e-02 2.90602692e+01
8.90141894e-02 2.78699042e+01
9.10424585e-02 2.67080217e+01
9.31169436e-02 2.55876861e+01
9.52386978e-02 2.45225008e+01
9.74087980e-02 2.35240318e+01
9.96283460e-02 2.26026862e+01
1.01898468e-01 2.17675006e+01
1.04220317e-01 2.10233313e+01
1.06595072e-01 2.03697132e+01
1.09023938e-01 1.98036790e+01
1.11508147e-01 1.93139014e+01
1.14048962e-01 1.88872727e+01
1.16647671e-01 1.85055544e+01
1.19305594e-01 1.81490600e+01
1.22024080e-01 1.77974330e+01
1.24804510e-01 1.74308605e+01
1.27648294e-01 1.70325525e+01
1.30556876e-01 1.65889088e+01
1.33531733e-01 1.60927128e+01
1.36574375e-01 1.55417797e+01
1.39686346e-01 1.49411238e+01
1.42869226e-01 1.43004283e+01
1.46124632e-01 1.36342675e+01
1.49454214e-01 1.29611794e+01
1.52859664e-01 1.23020285e+01
1.56342710e-01 1.16797379e+01
1.59905121e-01 1.11142504e+01
1.63548704e-01 1.06201846e+01
1.67275310e-01 1.02018038e+01
1.71086830e-01 9.85396672e+00
1.74985199e-01 9.56376276e+00
1.78972396e-01 9.31431271e+00
1.83050444e-01 9.08694664e+00
1.87221415e-01 8.86174405e+00
1.91487425e-01 8.61872557e+00
1.95850640e-01 8.34182894e+00
2.00313274e-01 8.02455806e+00
2.04877594e-01 7.67200679e+00
2.09545916e-01 7.29843318e+00
2.14320611e-01 6.92239689e+00
2.19204100e-01 6.56276570e+00
2.24198865e-01 6.23594580e+00
2.29307440e-01 5.95257379e+00
2.34532418e-01 5.71468912e+00
2.39876452e-01 5.51571354e+00
2.45342255e-01 5.34263093e+00
2.50932601e-01 5.17852337e+00
2.56650328e-01 5.00644598e+00
2.62498339e-01 4.81563970e+00
2.68479602e-01 4.60576126e+00
2.74597154e-01 4.38477403e+00
2.80854100e-01 4.16409335e+00
2.87253615e-01 3.95596901e+00
2.93798950e-01 3.77066094e+00
3.00493426e-01 3.61144008e+00
3.07340441e-01 3.47281757e+00
3.14343473e-01 3.34480916e+00
3.21506074e-01 3.21772469e+00
3.28831882e-01 3.08468037e+00
3.36324615e-01 2.94432826e+00
3.43988077e-01 2.80202610e+00
3.51826158e-01 2.66588586e+00
3.59842837e-01 2.54138430e+00
3.68042182e-01 2.42984865e+00
3.76428358e-01 2.32869913e+00
3.85005620e-01 2.23224535e+00
3.93778323e-01 2.13547517e+00
4.02750919e-01 2.03744994e+00
4.11927965e-01 1.94055955e+00
4.21314118e-01 1.84823588e+00
4.30914143e-01 1.76302119e+00
4.40732913e-01 1.68439170e+00
4.50775413e-01 1.60975734e+00
4.61046740e-01 1.53699242e+00
4.71552109e-01 1.46511184e+00
4.82296852e-01 1.39552329e+00
4.93286424e-01 1.32967445e+00
5.04526403e-01 1.26792769e+00
5.16022495e-01 1.20955565e+00
5.27780537e-01 1.15322533e+00
5.39806495e-01 1.09866862e+00
5.52106477e-01 1.04620508e+00
5.64686724e-01 9.96482551e-01
5.77553624e-01 9.49339370e-01
5.90713708e-01 9.04368194e-01
6.04173657e-01 8.61109311e-01
6.17940302e-01 8.19687448e-01
6.32020633e-01 7.80201263e-01
6.46421798e-01 7.42669782e-01
6.61151105e-01 7.06882714e-01
6.76216034e-01 6.72699671e-01
6.91624231e-01 6.40058107e-01
7.07383517e-01 6.08899420e-01
7.23501893e-01 5.79166355e-01
7.39987541e-01 5.50803046e-01
7.56848829e-01 5.23755048e-01
7.74094317e-01 4.97969366e-01
7.91732759e-01 4.73394476e-01
8.09773109e-01 4.49980335e-01
8.28224525e-01 4.27677742e-01
8.47096373e-01 4.06436675e-01
8.66398234e-01 3.86208634e-01
8.86139904e-01 3.66947247e-01
9.06331407e-01 3.48608179e-01
9.26982991e-01 3.31149051e-01
9.48105141e-01 3.14529352e-01
9.69708578e-01 2.98710362e-01
9.91804268e-01 2.83655073e-01
1.01440343e+00 2.69328123e-01
1.03751753e+00 2.55695909e-01
1.06115831e+00 2.42726632e-01
1.08533777e+00 2.30389867e-01
1.11006818e+00 2.18656469e-01
1.13536209e+00 2.07498527e-01
1.16123234e+00 1.96889318e-01
1.18769208e+00 1.86803263e-01
1.21475472e+00 1.77215886e-01
1.24243401e+00 1.68103767e-01
1.27074400e+00 1.59444505e-01
1.29969905e+00 1.51216615e-01
1.32931388e+00 1.43399511e-01
1.35960350e+00 1.35973533e-01
1.39058330e+00 1.28919910e-01
1.42226901e+00 1.22220725e-01
1.45467670e+00 1.15858878e-01
1.48782283e+00 1.09818052e-01
1.52172422e+00 1.04082676e-01
1.55639809e+00 9.86378988e-02
1.59186203e+00 9.34695555e-02
1.62813406e+00 8.85641410e-02
1.66523257e+00 8.39087793e-02
1.70317641e+00 7.94911943e-02
1.74198483e+00 7.52996836e-02
1.78167754e+00 7.13230932e-02
1.82227468e+00 6.75507938e-02
1.86379686e+00 6.39726576e-02
1.90626516e+00 6.05790357e-02
1.94970115e+00 5.73607375e-02
1.99412686e+00 5.43090087e-02
2.03956485e+00 5.14155097e-02
2.08603819e+00 4.86723003e-02
2.13357046e+00 4.60718223e-02
2.18218581e+00 4.36068821e-02
2.23190889e+00 4.12706343e-02
2.28276496e+00 3.90565655e-02
2.33477984e+00 3.69584790e-02
2.38797992e+00 3.49704804e-02
2.44239221e+00 3.30869634e-02
2.49804433e+00 3.13025952e-02
2.55496454e+00 2.96123032e-02
2.61318173e+00 2.80112649e-02
2.67272545e+00 2.64948964e-02
2.73362593e+00 2.50588414e-02
2.79591407e+00 2.36989600e-02
2.85962152e+00 2.24113185e-02
2.92478059e+00 2.11921799e-02
2.99142437e+00 2.00379941e-02
3.05958669e+00 1.89453889e-02
3.12930216e+00 1.79111613e-02
3.20060615e+00 1.69322697e-02
3.27353487e+00 1.60058257e-02
3.34812533e+00 1.51290873e-02
3.42441541e+00 1.42994515e-02
3.50244383e+00 1.35144478e-02
3.58225019e+00 1.27717311e-02
3.66387501e+00 1.20690763e-02
3.74735973e+00 1.14043719e-02
3.83274673e+00 1.07756143e-02
3.92007935e+00 1.01809023e-02
4.00940191e+00 9.61843211e-03
4.10075978e+00 9.08649304e-03
4.19419932e+00 8.58346284e-03
4.28976796e+00 8.10780323e-03
4.38751422e+00 7.65805574e-03
4.48748771e+00 7.23283768e-03
4.58973920e+00 6.83083830e-03
4.69432057e+00 6.45081518e-03
4.80128493e+00 6.09159077e-03
4.91068657e+00 5.75204909e-03
5.02258102e+00 5.43113260e-03
5.13702509e+00 5.12783928e-03
5.25407688e+00 4.84121973e-03
5.37379579e+00 4.57037456e-03
5.49624261e+00 4.31445175e-03
5.62147949e+00 4.07264430e-03
5.74957001e+00 3.84418786e-03
5.88057918e+00 3.62835857e-03
6.01457352e+00 3.42447082e-03
6.15162104e+00 3.23187528e-03
6.29179132e+00 3.04995717e-03
6.43515550e+00 2.87813452e-03
6.58178636e+00 2.71585644e-03
6.73175834e+00 2.56260150e-03
6.88514757e+00 2.41787621e-03
7.04203191e+00 2.28121356e-03
7.20249100e+00 2.15217159e-03
7.36660630e+00 2.03033212e-03
7.53446112e+00 1.91529946e-03
7.70614066e+00 1.80669924e-03
7.88173208e+00 1.70417729e-03
8.06132450e+00 1.60739861e-03
8.24500910e+00 1.51604632e-03
8.43287912e+00 1.42982070e-03
8.62502993e+00 1.34843832e-03
8.82155908e+00 1.27163111e-03
9.02256631e+00 1.19914563e-03
9.22815368e+00 1.13074219e-03
9.43842554e+00 1.06619414e-03
9.65348864e+00 1.00528723e-03
9.87345215e+00 9.47818871e-04
1.00984277e+01 8.93597603e-04
1.03285296e+01 8.42442443e-04
1.05638745e+01 7.94182336e-04
1.08045820e+01 7.48655623e-04
1.10507742e+01 7.05709531e-04
1.13025761e+01 6.65199697e-04
1.15601156e+01 6.26989702e-04
1.18235233e+01 5.90950642e-04
1.20929330e+01 5.56960728e-04
1.23684815e+01 5.24904903e-04
1.26503086e+01 4.94674478e-04
1.29385574e+01 4.66166784e-04
1.32333741e+01 4.39284846e-04
1.35349086e+01 4.13937068e-04
1.38433138e+01 3.90036946e-04
1.41587463e+01 3.67502784e-04
1.44813662e+01 3.46257426e-04
1.48113372e+01 3.26228008e-04
1.51488270e+01 3.07345731e-04
1.54940068e+01 2.89545635e-04
1.58470518e+01 2.72766395e-04
1.62081413e+01 2.56950115e-04
1.65774585e+01 2.42042140e-04
1.69551910e+01 2.27990881e-04
1.73415304e+01 2.14747639e-04
1.77366729e+01 2.02266451e-04
1.81408191e+01 1.90503932e-04
1.85541742e+01 1.79419134e-04
1.89769479e+01 1.68973417e-04
1.94093549e+01 1.59130316e-04
1.98516146e+01 1.49855422e-04
2.03039517e+01 1.41116269e-04
2.07665957e+01 1.32882225e-04
2.12397814e+01 1.25124389e-04
2.17237492e+01 1.17815495e-04
2.22187445e+01 1.10929820e-04
2.27250188e+01 1.04443095e-04
2.32428290e+01 9.83324269e-05
2.37724380e+01 9.25762227e-05
2.43141145e+01 8.71541155e-05
2.48681337e+01 8.20468966e-05
2.54347767e+01 7.72364501e-05
2.60143312e+01 7.27056916e-05
2.66070914e+01 6.84385098e-05
2.72133582e+01 6.44197124e-05
2.78334392e+01 6.06349727e-05
2.84676494e+01 5.70707803e-05
2.91163107e+01 5.37143964e-05
2.97797523e+01 5.05538113e-05
3.04583110e+01 4.75777025e-05
3.11523313e+01 4.47753963e-05
3.18621654e+01 4.21368304e-05
3.25881738e+01 3.96525200e-05
3.33307249e+01 3.73135244e-05
3.40901958e+01 3.51114162e-05
3.48669719e+01 3.30382512e-05
3.56614475e+01 3.10865405e-05
3.64740260e+01 2.92492262e-05
3.73051198e+01 2.75196573e-05
3.81551508e+01 2.58915662e-05
3.90245506e+01 2.43590467e-05
3.99137604e+01 2.29165337e-05
4.08232317e+01 2.15587834e-05
4.17534261e+01 2.02808550e-05
4.27048159e+01 1.90780931e-05
4.36778839e+01 1.79461119e-05
4.46731241e+01 1.68807791e-05
4.56910419e+01 1.58782019e-05
4.67321538e+01 1.49347128e-05
4.77969883e+01 1.40468571e-05
4.88860861e+01 1.32113801e-05
5.00000000e+01 1.24252163e-05
