5.00000000e-04 5.08608399e+00
5.11392954e-04 5.19724135e+00
5.23045507e-04 5.31079914e+00
5.34963574e-04 5.42680718e+00
5.47153205e-04 5.54531618e+00
5.59620588e-04 5.66637787e+00
5.72372051e-04 5.79004477e+00
5.85414068e-04 5.91637037e+00
5.98753260e-04 6.04540911e+00
6.12396397e-04 6.17721647e+00
6.26350405e-04 6.31184879e+00
6.40622368e-04 6.44936319e+00
6.55219530e-04 6.58981779e+00
6.70149302e-04 6.73327175e+00
6.85419263e-04 6.87978518e+00
7.01037164e-04 7.02941892e+00
7.17010932e-04 7.18223471e+00
7.33348678e-04 7.33829533e+00
7.50058693e-04 7.49766461e+00
7.67149462e-04 7.66040711e+00
7.84629659e-04 7.82658820e+00
8.02508159e-04 7.99627423e+00
8.20794036e-04 8.16953260e+00
8.39496574e-04 8.34643156e+00
8.58625266e-04 8.52703979e+00
8.78189822e-04 8.71142689e+00
8.98200175e-04 8.89966343e+00
9.18666482e-04 9.09182090e+00
9.39599132e-04 9.28797109e+00
9.61008752e-04 9.48818633e+00
9.82906209e-04 9.69253984e+00
1.00530262e-03 9.90110573e+00
1.02820935e-03 1.01139585e+01
1.05163804e-03 1.03311724e+01
1.07560057e-03 1.05528228e+01
1.10010910e-03 1.07789855e+01
1.12517609e-03 1.10097367e+01
1.15081425e-03 1.12451525e+01
1.17703659e-03 1.14853092e+01
1.20385644e-03 1.17302834e+01
1.23128740e-03 1.19801524e+01
1.25934341e-03 1.22349927e+01
1.28803869e-03 1.24948798e+01
1.31738782e-03 1.27598896e+01
1.34740570e-03 1.30300980e+01
1.37810756e-03 1.33055805e+01
1.40950899e-03 1.35864112e+01
1.44162594e-03 1.38726636e+01
1.47447469e-03 1.41644111e+01
1.50807194e-03 1.44617267e+01
1.54243473e-03 1.47646810e+01
1.57758050e-03 1.50733431e+01
1.61352711e-03 1.53877816e+01
1.65029279e-03 1.57080637e+01
1.68789621e-03 1.60342551e+01
1.72635646e-03 1.63664179e+01
1.76569306e-03 1.67046132e+01
1.80592598e-03 1.70489002e+01
1.84707564e-03 1.73993363e+01
1.88916294e-03 1.77559747e+01
1.93220923e-03 1.81188659e+01
1.97623638e-03 1.84880581e+01
2.02126672e-03 1.88635970e+01
2.06732311e-03 1.92455248e+01
2.11442895e-03 1.96338795e+01
2.16260813e-03 2.00286964e+01
2.21188512e-03 2.04300075e+01
2.26228494e-03 2.08378406e+01
2.31383315e-03 2.12522181e+01
2.36655594e-03 2.16731581e+01
2.42048007e-03 2.21006745e+01
2.47563291e-03 2.25347772e+01
2.53204245e-03 2.29754712e+01
2.58973734e-03 2.34227568e+01
2.64874686e-03 2.38766296e+01
2.70910096e-03 2.43370801e+01
2.77083029e-03 2.48040935e+01
2.83396617e-03 2.52776495e+01
2.89854067e-03 2.57577222e+01
2.96458655e-03 2.62442801e+01
3.03213734e-03 2.67372857e+01
3.10122735e-03 2.72366973e+01
3.17189163e-03 2.77424672e+01
3.24416606e-03 2.82545416e+01
3.31808733e-03 2.87728599e+01
3.39369297e-03 2.92973561e+01
3.47102134e-03 2.98279581e+01
3.55011172e-03 3.03645868e+01
3.63100424e-03 3.09071562e+01
3.71373997e-03 3.14555736e+01
3.79836091e-03 3.20097405e+01
3.88491001e-03 3.25695510e+01
3.97343121e-03 3.31348920e+01
4.06396945e-03 3.37056421e+01
4.15657069e-03 3.42816678e+01
4.25128193e-03 3.48628252e+01
4.34815125e-03 3.54489620e+01
4.44722782e-03 3.60399169e+01
4.54856195e-03 3.66355197e+01
4.65220506e-03 3.72355910e+01
4.75820978e-03 3.78399421e+01
4.86662991e-03 3.84483752e+01
4.97752050e-03 3.90606749e+01
5.09093782e-03 3.96765768e+01
5.20693947e-03 4.02957924e+01
5.32558431e-03 4.09180205e+01
5.44693259e-03 4.15429498e+01
5.57104589e-03 4.21703221e+01
5.69798724e-03 4.27999280e+01
5.82782105e-03 4.34315542e+01
5.96061325e-03 4.40649815e+01
6.09643123e-03 4.46998978e+01
6.23534396e-03 4.53357566e+01
6.37742193e-03 4.59719534e+01
6.52273729e-03 4.66078586e+01
6.67136378e-03 4.72428377e+01
6.82337686e-03 4.78764013e+01
6.97885370e-03 4.85081321e+01
7.13787322e-03 4.91376040e+01
7.30051615e-03 4.97643810e+01
7.46686504e-03 5.03879882e+01
7.63700434e-03 5.10078968e+01
7.81102042e-03 5.16235624e+01
7.98900162e-03 5.22344294e+01
8.17103828e-03 5.28399187e+01
8.35722281e-03 5.34393841e+01
8.54764972e-03 5.40321506e+01
8.74241568e-03 5.46175304e+01
8.94161957e-03 5.51948218e+01
9.14536249e-03 5.57632889e+01
9.35374788e-03 5.63221638e+01
9.56688152e-03 5.68706672e+01
9.78487161e-03 5.74080095e+01
1.00078288e-02 5.79333855e+01
1.02358663e-02 5.84459636e+01
1.04690998e-02 5.89449025e+01
1.07076477e-02 5.94293558e+01
1.09516312e-02 5.98984681e+01
1.12011741e-02 6.03513403e+01
1.14564030e-02 6.07870512e+01
1.17174475e-02 6.12046792e+01
1.19844402e-02 6.16033034e+01
1.22575166e-02 6.19819537e+01
1.25368152e-02 6.23395894e+01
1.28224780e-02 6.26751697e+01
1.31146498e-02 6.29876630e+01
1.34134790e-02 6.32760439e+01
1.37191173e-02 6.35392768e+01
1.40317198e-02 6.37763370e+01
1.43514453e-02 6.39862212e+01
1.46784560e-02 6.41679501e+01
1.50129180e-02 6.43205532e+01
1.53550010e-02 6.44430764e+01
1.57048786e-02 6.45346006e+01
1.60627285e-02 6.45942466e+01
1.64287324e-02 6.46211390e+01
1.68030760e-02 6.46143529e+01
1.71859493e-02 6.45730013e+01
1.75775468e-02 6.44962540e+01
1.79780672e-02 6.43833447e+01
1.83877138e-02 6.42335935e+01
1.88066945e-02 6.40464011e+01
1.92352221e-02 6.38212424e+01
1.96735141e-02 6.35576716e+01
2.01217930e-02 6.32553521e+01
2.05802864e-02 6.29140701e+01
2.10492269e-02 6.25337024e+01
2.15288526e-02 6.21142162e+01
2.20194071e-02 6.16556968e+01
2.25211393e-02 6.11584314e+01
2.30343039e-02 6.06228283e+01
2.35591614e-02 6.00493871e+01
2.40959783e-02 5.94387128e+01
2.46450271e-02 5.87917294e+01
2.52065864e-02 5.81096255e+01
2.57809414e-02 5.73936627e+01
2.63683836e-02 5.66451658e+01
2.69692111e-02 5.58656816e+01
2.75837291e-02 5.50571849e+01
2.82122494e-02 5.42217222e+01
2.88550911e-02 5.33613456e+01
2.95125806e-02 5.24781823e+01
3.01850516e-02 5.15749434e+01
3.08728454e-02 5.06545577e+01
3.15763112e-02 4.97198630e+01
3.22958061e-02 4.87736062e+01
3.30316954e-02 4.78188137e+01
3.37843526e-02 4.68588899e+01
3.45541598e-02 4.58970838e+01
3.53415077e-02 4.49364459e+01
3.61467960e-02 4.39800537e+01
3.69704336e-02 4.30317104e+01
3.78128385e-02 4.20951658e+01
3.86744384e-02 4.11738568e+01
3.95556706e-02 4.02708872e+01
4.04569825e-02 3.93885886e+01
4.13788316e-02 3.85286803e+01
4.23216859e-02 3.76926897e+01
4.32860239e-02 3.68819805e+01
4.42723353e-02 3.60984899e+01
4.52811207e-02 3.53456259e+01
4.63128921e-02 3.46267114e+01
4.73681735e-02 3.39447672e+01
4.84475003e-02 3.33016023e+01
4.95514206e-02 3.26945632e+01
5.06804947e-02 3.21199556e+01
5.18352959e-02 3.15743332e+01
5.30164102e-02 3.10544497e+01
5.42244372e-02 3.05571906e+01
5.54599903e-02 3.00796158e+01
5.67236965e-02 2.96189164e+01
5.80161975e-02 2.91716543e+01
5.93381492e-02 2.87338817e+01
6.06902229e-02 2.83018446e+01
6.20731047e-02 2.78712272e+01
6.34874968e-02 2.74364763e+01
6.49341171e-02 2.69922233e+01
6.64136999e-02 2.65327214e+01
6.79269964e-02 2.60509487e+01
6.94747747e-02 2.55402899e+01
7.10578206e-02 2.49957032e+01
7.26769376e-02 2.44142043e+01
7.43329476e-02 2.37937566e+01
7.60266913e-02 2.31351352e+01
7.77590285e-02 2.24410568e+01
7.95308386e-02 2.17155864e+01
8.13430210e-02 2.09659062e+01
8.31964957e-02 2.01995472e+01
8.50922034e-02 1.94251859e+01
8.70311065e-02 1.86516436e+01
8.90141894e-02 1.78876720e+01
9.10424585e-02 1.71419761e+01
9.31169436e-02 1.64229399e+01
9.52386978e-02 1.57392955e+01
9.74087980e-02 1.50984677e+01
9.96283460e-02 1.45071363e+01
1.01898468e-01 1.39711013e+01
1.04220317e-01 1.34934793e+01
1.06595072e-01 1.30739718e+01
1.09023938e-01 1.27106741e+01
1.11508147e-01 1.23963161e+01
1.14048962e-01 1.21224855e+01
1.16647671e-01 1.18774803e+01
1.19305594e-01 1.16486697e+01
1.22024080e-01 1.14229870e+01
1.24804510e-01 1.11877118e+01
1.27648294e-01 1.09320689e+01
1.30556876e-01 1.06473316e+01
1.33531733e-01 1.03288661e+01
1.36574375e-01 9.97526743e+00
1.39686346e-01 9.58975491e+00
1.42869226e-01 9.17854419e+00
1.46124632e-01 8.75098883e+00
1.49454214e-01 8.31898657e+00
1.52859664e-01 7.89592878e+00
1.56342710e-01 7.49652836e+00
1.59905121e-01 7.13358366e+00
1.63548704e-01 6.81647486e+00
1.67275310e-01 6.54794102e+00
1.71086830e-01 6.32468356e+00
1.74985199e-01 6.13841490e+00
1.78972396e-01 5.97830443e+00
1.83050444e-01 5.83236953e+00
1.87221415e-01 5.68782372e+00
1.91487425e-01 5.53184428e+00
1.95850640e-01 5.35412247e+00
2.00313274e-01 5.15048872e+00
2.04877594e-01 4.92421113e+00
2.09545916e-01 4.68444075e+00
2.14320611e-01 4.44308959e+00
2.19204100e-01 4.21226523e+00
2.24198865e-01 4.00250043e+00
2.29307440e-01 3.82062123e+00
2.34532418e-01 3.66793635e+00
2.39876452e-01 3.54022338e+00
2.45342255e-01 3.42913108e+00
2.50932601e-01 3.32379807e+00
2.56650328e-01 3.21335107e+00
2.62498339e-01 3.09088402e+00
2.68479602e-01 2.95617659e+00
2.74597154e-01 2.81433905e+00
2.80854100e-01 2.67269836e+00
2.87253615e-01 2.53911681e+00
2.93798950e-01 2.42017816e+00
3.00493426e-01 2.31798288e+00
3.07340441e-01 2.22900804e+00
3.14343473e-01 2.14684635e+00
3.21506074e-01 2.06527747e+00
3.28831882e-01 1.97988395e+00
3.36324615e-01 1.88980058e+00
3.43988077e-01 1.79846574e+00
3.51826158e-01 1.71108535e+00
3.59842837e-01 1.63117482e+00
3.68042182e-01 1.55958619e+00
3.76428358e-01 1.49466371e+00
3.85005620e-01 1.43275531e+00
3.93778323e-01 1.37064394e+00
4.02750919e-01 1.30772712e+00
4.11927965e-01 1.24553893e+00
4.21314118e-01 1.18628158e+00
4.30914143e-01 1.13158693e+00
4.40732913e-01 1.08111880e+00
4.50775413e-01 1.03321510e+00
4.61046740e-01 9.86511564e-01
4.71552109e-01 9.40375325e-01
4.82296852e-01 8.95710258e-01
4.93286424e-01 8.53445665e-01
5.04526403e-01 8.13813794e-01
5.16022495e-01 7.76347831e-01
5.27780537e-01 7.40192690e-01
5.39806495e-01 7.05175688e-01
5.52106477e-01 6.71502165e-01
5.64686724e-01 6.39588097e-01
5.77553624e-01 6.09329376e-01
5.90713708e-01 5.80464968e-01
6.04173657e-01 5.52699342e-01
6.17940302e-01 5.26112924e-01
6.32020633e-01 5.00768909e-01
6.46421798e-01 4.76679501e-01
6.61151105e-01 4.53709769e-01
6.76216034e-01 4.31769562e-01
6.91624231e-01 4.10818736e-01
7.07383517e-01 3.90819679e-01
7.23501893e-01 3.71735645e-01
7.39987541e-01 3.53530777e-01
7.56848829e-01 3.36170133e-01
7.74094317e-01 3.19619698e-01
7.91732759e-01 3.03846403e-01
8.09773109e-01 2.88818130e-01
8.28224525e-01 2.74503299e-01
8.47096373e-01 2.60869805e-01
8.66398234e-01 2.47886517e-01
8.86139904e-01 2.35523671e-01
9.06331407e-01 2.23752814e-01
9.26982991e-01 2.12546743e-01
9.48105141e-01 2.01879456e-01
9.69708578e-01 1.91726101e-01
9.91804268e-01 1.82062925e-01
1.01440343e+00 1.72867232e-01
1.03751753e+00 1.64117452e-01
1.06115831e+00 1.55793175e-01
1.08533777e+00 1.47874874e-01
1.11006818e+00 1.40343841e-01
1.13536209e+00 1.33182162e-01
1.16123234e+00 1.26372685e-01
1.18769208e+00 1.19898992e-01
1.21475472e+00 1.13745372e-01
1.24243401e+00 1.07896794e-01
1.27074400e+00 1.02338880e-01
1.29969905e+00 9.70578402e-02
1.32931388e+00 9.20404610e-02
1.35960350e+00 8.72741238e-02
1.39058330e+00 8.27467814e-02
1.42226901e+00 7.84469336e-02
1.45467670e+00 7.43636048e-02
1.48782283e+00 7.04863215e-02
1.52172422e+00 6.68050907e-02
1.55639809e+00 6.33103799e-02
1.59186203e+00 5.99930971e-02
1.62813406e+00 5.68445743e-02
1.66523257e+00 5.38565470e-02
1.70317641e+00 5.10211361e-02
1.74198483e+00 4.83308302e-02
1.78167754e+00 4.57784703e-02
1.82227468e+00 4.33572340e-02
1.86379686e+00 4.10606207e-02
1.90626516e+00 3.88824374e-02
1.94970115e+00 3.68167852e-02
1.99412686e+00 3.48580450e-02
2.03956485e+00 3.30008641e-02
2.08603819e+00 3.12401460e-02
2.13357046e+00 2.95710395e-02
2.18218581e+00 2.79889273e-02
2.23190889e+00 2.64894158e-02
2.28276496e+00 2.50683243e-02
2.33477984e+00 2.37216754e-02
2.38797992e+00 2.24456859e-02
2.44239221e+00 2.12367574e-02
2.49804433e+00 2.00914671e-02
2.55496454e+00 1.90065590e-02
2.61318173e+00 1.79789381e-02
2.67272545e+00 1.70056621e-02
2.73362593e+00 1.60839351e-02
2.79591407e+00 1.52110998e-02
2.85962152e+00 1.43846315e-02
2.92478059e+00 1.36021316e-02
2.99142437e+00 1.28613214e-02
3.05958669e+00 1.21600366e-02
3.12930216e+00 1.14962214e-02
3.20060615e+00 1.08679233e-02
3.27353487e+00 1.02732886e-02
3.34812533e+00 9.71055730e-03
3.42441541e+00 9.17805866e-03
3.50244383e+00 8.67420689e-03
3.58225019e+00 8.19749693e-03
3.66387501e+00 7.74650052e-03
3.74735973e+00 7.31986238e-03
3.83274673e+00 6.91629661e-03
3.92007935e+00 6.53458285e-03
4.00940191e+00 6.17356335e-03
4.10075978e+00 5.83214014e-03
4.19419932e+00 5.50927196e-03
4.28976796e+00 5.20397149e-03
4.38751422e+00 4.91530262e-03
4.48748771e+00 4.64237787e-03
4.58973920e+00 4.38435594e-03
4.69432057e+00 4.14043939e-03
4.80128493e+00 3.90987241e-03
4.91068657e+00 3.69193871e-03
5.02258102e+00 3.48595952e-03
5.13702509e+00 3.29129169e-03
5.25407688e+00 3.10732586e-03
5.37379579e+00 2.93348474e-03
5.49624261e+00 2.76922148e-03
5.62147949e+00 2.61401810e-03
5.74957001e+00 2.46738401e-03
5.88057918e+00 2.32885459e-03
6.01457352e+00 2.19798982e-03
6.15162104e+00 2.07437290e-03
6.29179132e+00 1.95760926e-03
6.43515550e+00 1.84732535e-03
6.58178636e+00 1.74316760e-03
6.73175834e+00 1.64480134e-03
6.88514757e+00 1.55190982e-03
7.04203191e+00 1.46419329e-03
7.20249100e+00 1.38136807e-03
7.36660630e+00 1.30316578e-03
7.53446112e+00 1.22933242e-03
7.70614066e+00 1.15962770e-03
7.88173208e+00 1.09382432e-03
8.06132450e+00 1.03170723e-03
8.24500910e+00 9.73073042e-04
8.43287912e+00 9.17729397e-04
8.62502993e+00 8.65494361e-04
8.82155908e+00 8.16195887e-04
9.02256631e+00 7.69671286e-04
9.22815368e+00 7.25766725e-04
9.43842554e+00 6.84336736e-04
9.65348864e+00 6.45243788e-04
9.87345215e+00 6.08357867e-04
1.00984277e+01 5.73556079e-04
1.03285296e+01 5.40722261e-04
1.05638745e+01 5.09746624e-04
1.08045820e+01 4.80525408e-04
1.10507742e+01 4.52960558e-04
1.13025761e+01 4.26959412e-04
1.15601156e+01 4.02434413e-04
1.18235233e+01 3.79302823e-04
1.20929330e+01 3.57486472e-04
1.23684815e+01 3.36911510e-04
1.26503086e+01 3.17508178e-04
1.29385574e+01 2.99210575e-04
1.32333741e+01 2.81956459e-04
1.35349086e+01 2.65687040e-04
1.38433138e+01 2.50346794e-04
1.41587463e+01 2.35883285e-04
1.44813662e+01 2.22246991e-04
1.48113372e+01 2.09391144e-04
1.51488270e+01 1.97271586e-04
1.54940068e+01 1.85846621e-04
1.58470518e+01 1.75076889e-04
1.62081413e+01 1.64925229e-04
1.65774585e+01 1.55356562e-04
1.69551910e+01 1.46337773e-04
1.73415304e+01 1.37837607e-04
1.77366729e+01 1.29826562e-04
1.81408191e+01 1.22276792e-04
1.85541742e+01 1.15162015e-04
1.89769479e+01 1.08457429e-04
1.94093549e+01 1.02139630e-04
1.98516146e+01 9.61865343e-05
2.03039517e+01 9.05773024e-05
2.07665957e+01 8.52922736e-05
2.12397814e+01 8.03128978e-05
2.17237492e+01 7.56216744e-05
2.22187445e+01 7.12020933e-05
2.27250188e+01 6.70385777e-05
2.32428290e+01 6.31164337e-05
2.37724380e+01 5.94218016e-05
2.43141145e+01 5.59416089e-05
2.48681337e+01 5.26635268e-05
2.54347767e+01 4.95759274e-05
2.60143312e+01 4.66678451e-05
2.66070914e+01 4.39289390e-05
2.72133582e+01 4.13494579e-05
2.78334392e+01 3.89202062e-05
2.84676494e+01 3.66325124e-05
2.91163107e+01 3.44782002e-05
2.97797523e+01 3.24495611e-05
3.04583110e+01 3.05393281e-05
3.11523313e+01 2.87406501e-05
3.18621654e+01 2.70470687e-05
3.25881738e+01 2.54524962e-05
3.33307249e+01 2.39511939e-05
3.40901958e+01 2.25377527e-05
3.48669719e+01 2.12070737e-05
3.56614475e+01 1.99543501e-05
3.64740260e+01 1.87750519e-05
3.73051198e+01 1.76649100e-05
3.81551508e+01 1.66199018e-05
3.90245506e+01 1.56362362e-05
3.99137604e+01 1.47103414e-05
4.08232317e+01 1.38388515e-05
4.17534261e+01 1.30185952e-05
4.27048159e+01 1.22465847e-05
4.36778839e+01 1.15200047e-05
4.46731241e+01 1.08362031e-05
4.56910419e+01 1.01926810e-05
4.67321538e+01 9.58708469e-06
4.77969883e+01 9.01719656e-06
4.88860861e+01 8.48092774e-06
5.00000000e+01 7.97631050e-06
