5.00000000e-04 1.43858539e+03
5.11392954e-04 1.46985334e+03
5.23045507e-04 1.50178617e+03
5.34963574e-04 1.53439712e+03
5.47153205e-04 1.56769966e+03
5.59620588e-04 1.60170751e+03
5.72372051e-04 1.63643456e+03
5.85414068e-04 1.67189490e+03
5.98753260e-04 1.70810289e+03
6.12396397e-04 1.74507309e+03
6.26350405e-04 1.78282027e+03
6.40622368e-04 1.82135941e+03
6.55219530e-04 1.86070566e+03
6.70149302e-04 1.90087447e+03
6.85419263e-04 1.94188149e+03
7.01037164e-04 1.98374255e+03
7.17010932e-04 2.02647375e+03
7.33348678e-04 2.07009138e+03
7.50058693e-04 2.11461201e+03
7.67149462e-04 2.16005232e+03
7.84629659e-04 2.20642916e+03
8.02508159e-04 2.25375961e+03
8.20794036e-04 2.30206094e+03
8.39496574e-04 2.35135067e+03
8.58625266e-04 2.40164642e+03
8.78189822e-04 2.45296605e+03
8.98200175e-04 2.50532763e+03
9.18666482e-04 2.55874941e+03
9.39599132e-04 2.61324975e+03
9.61008752e-04 2.66884712e+03
9.82906209e-04 2.72556021e+03
1.00530262e-03 2.78340786e+03
1.02820935e-03 2.84240900e+03
1.05163804e-03 2.90258256e+03
1.07560057e-03 2.96394759e+03
1.10010910e-03 3.02652330e+03
1.12517609e-03 3.09032900e+03
1.15081425e-03 3.15538393e+03
1.17703659e-03 3.22170739e+03
1.20385644e-03 3.28931878e+03
1.23128740e-03 3.35823758e+03
1.25934341e-03 3.42848314e+03
1.28803869e-03 3.50007470e+03
1.31738782e-03 3.57303150e+03
1.34740570e-03 3.64737282e+03
1.37810756e-03 3.72311783e+03
1.40950899e-03 3.80028535e+03
1.44162594e-03 3.87889410e+03
1.47447469e-03 3.95896274e+03
1.50807194e-03 4.04050979e+03
1.54243473e-03 4.12355342e+03
1.57758050e-03 4.20811149e+03
1.61352711e-03 4.29420169e+03
1.65029279e-03 4.38184154e+03
1.68789621e-03 4.47104810e+03
1.72635646e-03 4.56183789e+03
1.76569306e-03 4.65422712e+03
1.80592598e-03 4.74823166e+03
1.84707564e-03 4.84386694e+03
1.88916294e-03 4.94114756e+03
1.93220923e-03 5.04008752e+03
1.97623638e-03 5.14070035e+03
2.02126672e-03 5.24299906e+03
2.06732311e-03 5.34699586e+03
2.11442895e-03 5.45270214e+03
2.16260813e-03 5.56012863e+03
2.21188512e-03 5.66928541e+03
2.26228494e-03 5.78018164e+03
2.31383315e-03 5.89282525e+03
2.36655594e-03 6.00722322e+03
2.42048007e-03 6.12338169e+03
2.47563291e-03 6.24130584e+03
2.53204245e-03 6.36099949e+03
2.58973734e-03 6.48246525e+03
2.64874686e-03 6.60570465e+03
2.70910096e-03 6.73071809e+03
2.77083029e-03 6.85750446e+03
2.83396617e-03 6.98606090e+03
2.89854067e-03 7.11638319e+03
2.96458655e-03 7.24846575e+03
3.03213734e-03 7.38230146e+03
3.10122735e-03 7.51788112e+03
3.17189163e-03 7.65519378e+03
3.24416606e-03 7.79422689e+03
3.31808733e-03 7.93496620e+03
3.39369297e-03 8.07739499e+03
3.47102134e-03 8.22149408e+03
3.55011172e-03 8.36724236e+03
3.63100424e-03 8.51461676e+03
3.71373997e-03 8.66359191e+03
3.79836091e-03 8.81413956e+03
3.88491001e-03 8.96622913e+03
3.97343121e-03 9.11982785e+03
4.06396945e-03 9.27490053e+03
4.15657069e-03 9.43140842e+03
4.25128193e-03 9.58930970e+03
4.34815125e-03 9.74856000e+03
4.44722782e-03 9.90911239e+03
4.54856195e-03 1.00709168e+04
4.65220506e-03 1.02339198e+04
4.75820978e-03 1.03980651e+04
4.86662991e-03 1.05632935e+04
4.97752050e-03 1.07295423e+04
5.09093782e-03 1.08967405e+04
5.20693947e-03 1.10648128e+04
5.32558431e-03 1.12336806e+04
5.44693259e-03 1.14032618e+04
5.57104589e-03 1.15734772e+04
5.69798724e-03 1.17442491e+04
5.82782105e-03 1.19154976e+04
5.96061325e-03 1.20871398e+04
6.09643123e-03 1.22590801e+04
6.23534396e-03 1.24311945e+04
6.37742193e-03 1.26033499e+04
6.52273729e-03 1.27754087e+04
6.67136378e-03 1.29472297e+04
6.82337686e-03 1.31186804e+04
6.97885370e-03 1.32896310e+04
7.13787322e-03 1.34599482e+04
7.30051615e-03 1.36294952e+04
7.46686504e-03 1.37981329e+04
7.63700434e-03 1.39657197e+04
7.81102042e-03 1.41321114e+04
7.98900162e-03 1.42971607e+04
8.17103828e-03 1.44607134e+04
8.35722281e-03 1.46225942e+04
8.54764972e-03 1.47826189e+04
8.74241568e-03 1.49405997e+04
8.94161957e-03 1.50963454e+04
9.14536249e-03 1.52496550e+04
9.35374788e-03 1.54003189e+04
9.56688152e-03 1.55481243e+04
9.78487161e-03 1.56928557e+04
1.00078288e-02 1.58342925e+04
1.02358663e-02 1.59722049e+04
1.04690998e-02 1.61063601e+04
1.07076477e-02 1.62365238e+04
1.09516312e-02 1.63624595e+04
1.12011741e-02 1.64839209e+04
1.14564030e-02 1.66006570e+04
1.17174475e-02 1.67124165e+04
1.19844402e-02 1.68189487e+04
1.22575166e-02 1.69199937e+04
1.25368152e-02 1.70152784e+04
1.28224780e-02 1.71045302e+04
1.31146498e-02 1.71874798e+04
1.34134790e-02 1.72638580e+04
1.37191173e-02 1.73333871e+04
1.40317198e-02 1.73957906e+04
1.43514453e-02 1.74507981e+04
1.46784560e-02 1.74981451e+04
1.50129180e-02 1.75375632e+04
1.53550010e-02 1.75687833e+04
1.57048786e-02 1.75915452e+04
1.60627285e-02 1.76056001e+04
1.64287324e-02 1.76107065e+04
1.68030760e-02 1.76066256e+04
1.71859493e-02 1.75931311e+04
1.75775468e-02 1.75700125e+04
1.79780672e-02 1.75370757e+04
1.83877138e-02 1.74941413e+04
1.88066945e-02 1.74410477e+04
1.92352221e-02 1.73776537e+04
1.96735141e-02 1.73038395e+04
2.01217930e-02 1.72195142e+04
2.05802864e-02 1.71246195e+04
2.10492269e-02 1.70191219e+04
2.15288526e-02 1.69030122e+04
2.20194071e-02 1.67763151e+04
2.25211393e-02 1.66391163e+04
2.30343039e-02 1.64915359e+04
2.35591614e-02 1.63337187e+04
2.40959783e-02 1.61658372e+04
2.46450271e-02 1.59881451e+04
2.52065864e-02 1.58009635e+04
2.57809414e-02 1.56046332e+04
2.63683836e-02 1.53995123e+04
2.69692111e-02 1.51860212e+04
2.75837291e-02 1.49647019e+04
2.82122494e-02 1.47361160e+04
2.88550911e-02 1.45008264e+04
2.95125806e-02 1.42594151e+04
3.01850516e-02 1.40126193e+04
3.08728454e-02 1.37612335e+04
3.15763112e-02 1.35060270e+04
3.22958061e-02 1.32477446e+04
3.30316954e-02 1.29872073e+04
3.37843526e-02 1.27253398e+04
3.45541598e-02 1.24630242e+04
3.53415077e-02 1.22010885e+04
3.61467960e-02 1.19403675e+04
3.69704336e-02 1.16818930e+04
3.78128385e-02 1.14266819e+04
3.86744384e-02 1.11756656e+04
3.95556706e-02 1.09296852e+04
4.04569825e-02 1.06893708e+04
4.13788316e-02 1.04551861e+04
4.23216859e-02 1.02275427e+04
4.32860239e-02 1.00068074e+04
4.42723353e-02 9.79350324e+03
4.52811207e-02 9.58855288e+03
4.63128921e-02 9.39285571e+03
4.73681735e-02 9.20722896e+03
4.84475003e-02 9.03216073e+03
4.95514206e-02 8.86692774e+03
5.06804947e-02 8.71052444e+03
5.18352959e-02 8.56201304e+03
5.30164102e-02 8.42051037e+03
5.42244372e-02 8.28516984e+03
5.54599903e-02 8.15519257e+03
5.67236965e-02 8.02981537e+03
5.80161975e-02 7.90810495e+03
5.93381492e-02 7.78899019e+03
6.06902229e-02 7.67145277e+03
6.20731047e-02 7.55432228e+03
6.34874968e-02 7.43609306e+03
6.49341171e-02 7.31530988e+03
6.64136999e-02 7.19041504e+03
6.79269964e-02 7.05950523e+03
6.94747747e-02 6.92078761e+03
7.10578206e-02 6.77289629e+03
7.26769376e-02 6.61502356e+03
7.43329476e-02 6.44661854e+03
7.60266913e-02 6.26789186e+03
7.77590285e-02 6.07958006e+03
7.95308386e-02 5.88278504e+03
8.13430210e-02 5.67945415e+03
8.31964957e-02 5.47162873e+03
8.50922034e-02 5.26165892e+03
8.70311065e-02 5.05193315e+03
8.90141894e-02 4.84482095e+03
9.10424585e-02 4.64267916e+03
9.31169436e-02 4.44777730e+03
9.52386978e-02 4.26247901e+03
9.74087980e-02 4.08879353e+03
9.96283460e-02 3.92852826e+03
1.01898468e-01 3.78325218e+03
1.04220317e-01 3.65380762e+03
1.06595072e-01 3.54011202e+03
1.09023938e-01 3.44164793e+03
1.11508147e-01 3.35644446e+03
1.14048962e-01 3.28222162e+03
1.16647671e-01 3.21580901e+03
1.19305594e-01 3.15378517e+03
1.22024080e-01 3.09261186e+03
1.24804510e-01 3.02884536e+03
1.27648294e-01 2.95956815e+03
1.30556876e-01 2.88241748e+03
1.33531733e-01 2.79613999e+03
1.36574375e-01 2.70035667e+03
1.39686346e-01 2.59593969e+03
1.42869226e-01 2.48457204e+03
1.46124632e-01 2.36878584e+03
1.49454214e-01 2.25180165e+03
1.52859664e-01 2.13724420e+03
1.56342710e-01 2.02909616e+03
1.59905121e-01 1.93082207e+03
1.63548704e-01 1.84496096e+03
1.67275310e-01 1.77225230e+03
1.71086830e-01 1.71180200e+03
1.74985199e-01 1.66136646e+03
1.78972396e-01 1.61801228e+03
1.83050444e-01 1.57849599e+03
1.87221415e-01 1.53935721e+03
1.91487425e-01 1.49712488e+03
1.95850640e-01 1.44900865e+03
2.00313274e-01 1.39388019e+03
2.04877594e-01 1.33262478e+03
2.09545916e-01 1.26771977e+03
2.14320611e-01 1.20238930e+03
2.19204100e-01 1.13991025e+03
2.24198865e-01 1.08313214e+03
2.29307440e-01 1.03390278e+03
2.34532418e-01 9.92575512e+02
2.39876452e-01 9.58007753e+02
2.45342255e-01 9.27938543e+02
2.50932601e-01 8.99428466e+02
2.56650328e-01 8.69534782e+02
2.62498339e-01 8.36388277e+02
2.68479602e-01 7.99929748e+02
2.74597154e-01 7.61542532e+02
2.80854100e-01 7.23209386e+02
2.87253615e-01 6.87057936e+02
2.93798950e-01 6.54870034e+02
3.00493426e-01 6.27213343e+02
3.07340441e-01 6.03135018e+02
3.14343473e-01 5.80900190e+02
3.21506074e-01 5.58826302e+02
3.28831882e-01 5.35717399e+02
3.36324615e-01 5.11339532e+02
3.43988077e-01 4.86623307e+02
3.51826158e-01 4.62977690e+02
3.59842837e-01 4.41353783e+02
3.68042182e-01 4.21981855e+02
3.76428358e-01 4.04414095e+02
3.85005620e-01 3.87661885e+02
3.93778323e-01 3.70854820e+02
4.02750919e-01 3.53829964e+02
4.11927965e-01 3.37002395e+02
4.21314118e-01 3.20968013e+02
4.30914143e-01 3.06168487e+02
4.40732913e-01 2.92512633e+02
4.50775413e-01 2.79550738e+02
4.61046740e-01 2.66913575e+02
4.71552109e-01 2.54430000e+02
4.82296852e-01 2.42344632e+02
4.93286424e-01 2.30908759e+02
5.04526403e-01 2.20185375e+02
5.16022495e-01 2.10048088e+02
5.27780537e-01 2.00265482e+02
5.39806495e-01 1.90790854e+02
5.52106477e-01 1.81679818e+02
5.64686724e-01 1.73044832e+02
5.77553624e-01 1.64857825e+02
5.90713708e-01 1.57048060e+02
6.04173657e-01 1.49535637e+02
6.17940302e-01 1.42342263e+02
6.32020633e-01 1.35485107e+02
6.46421798e-01 1.28967401e+02
6.61151105e-01 1.22752637e+02
6.76216034e-01 1.16816446e+02
6.91624231e-01 1.11147964e+02
7.07383517e-01 1.05737013e+02
7.23501893e-01 1.00573648e+02
7.39987541e-01 9.56481633e+01
7.56848829e-01 9.09511041e+01
7.74094317e-01 8.64732652e+01
7.91732759e-01 8.22056974e+01
8.09773109e-01 7.81397092e+01
8.28224525e-01 7.42667551e+01
8.47096373e-01 7.05781476e+01
8.66398234e-01 6.70654633e+01
8.86139904e-01 6.37206484e+01
9.06331407e-01 6.05360036e+01
9.26982991e-01 5.75041685e+01
9.48105141e-01 5.46181075e+01
9.69708578e-01 5.18710960e+01
9.91804268e-01 4.92567073e+01
1.01440343e+00 4.67687998e+01
1.03751753e+00 4.44015378e+01
1.06115831e+00 4.21493990e+01
1.08533777e+00 4.00070995e+01
1.11006818e+00 3.79695779e+01
1.13536209e+00 3.60319871e+01
1.16123234e+00 3.41896863e+01
1.18769208e+00 3.24382334e+01
1.21475472e+00 3.07733777e+01
1.24243401e+00 2.91910523e+01
1.27074400e+00 2.76873669e+01
1.29969905e+00 2.62585906e+01
1.32931388e+00 2.49011484e+01
1.35960350e+00 2.36116263e+01
1.39058330e+00 2.23867646e+01
1.42226901e+00 2.12234519e+01
1.45467670e+00 2.01187188e+01
1.48782283e+00 1.90697314e+01
1.52172422e+00 1.80737863e+01
1.55639809e+00 1.71283041e+01
1.59186203e+00 1.62308252e+01
1.62813406e+00 1.53790042e+01
1.66523257e+00 1.45706051e+01
1.70317641e+00 1.38034962e+01
1.74198483e+00 1.30756452e+01
1.78167754e+00 1.23851152e+01
1.82227468e+00 1.17300604e+01
1.86379686e+00 1.11087220e+01
1.90626516e+00 1.05194244e+01
1.94970115e+00 9.96057170e+00
1.99412686e+00 9.43064366e+00
2.03956485e+00 8.92819213e+00
2.08603819e+00 8.45183828e+00
2.13357046e+00 8.00026963e+00
2.18218581e+00 7.57223702e+00
2.23190889e+00 7.16655175e+00
2.28276496e+00 6.78208275e+00
2.33477984e+00 6.41775399e+00
2.38797992e+00 6.07254189e+00
2.44239221e+00 5.74547292e+00
2.49804433e+00 5.43562105e+00
2.55496454e+00 5.14210540e+00
2.61318173e+00 4.86408854e+00
2.67272545e+00 4.60077449e+00
2.73362593e+00 4.35140675e+00
2.79591407e+00 4.11526643e+00
2.85962152e+00 3.89167047e+00
2.92478059e+00 3.67996991e+00
2.99142437e+00 3.47954827e+00
3.05958669e+00 3.28981998e+00
3.12930216e+00 3.11022887e+00
3.20060615e+00 2.94024672e+00
3.27353487e+00 2.77937198e+00
3.34812533e+00 2.62712852e+00
3.42441541e+00 2.48306433e+00
3.50244383e+00 2.34675037e+00
3.58225019e+00 2.21777947e+00
3.66387501e+00 2.09576521e+00
3.74735973e+00 1.98034093e+00
3.83274673e+00 1.87115874e+00
3.92007935e+00 1.76788848e+00
4.00940191e+00 1.67021693e+00
4.10075978e+00 1.57784704e+00
4.19419932e+00 1.49049710e+00
4.28976796e+00 1.40790001e+00
4.38751422e+00 1.32980251e+00
4.48748771e+00 1.25596448e+00
4.58973920e+00 1.18615833e+00
4.69432057e+00 1.12016831e+00
4.80128493e+00 1.05778994e+00
4.91068657e+00 9.98829426e-01
5.02258102e+00 9.43103137e-01
5.13702509e+00 8.90437064e-01
5.25407688e+00 8.40666349e-01
5.37379579e+00 7.93634810e-01
5.49624261e+00 7.49194496e-01
5.62147949e+00 7.07205273e-01
5.74957001e+00 6.67534412e-01
5.88057918e+00 6.30056214e-01
6.01457352e+00 5.94651631e-01
6.15162104e+00 5.61207906e-01
6.29179132e+00 5.29618287e-01
6.43515550e+00 4.99781717e-01
6.58178636e+00 4.71602537e-01
6.73175834e+00 4.44990204e-01
6.88514757e+00 4.19859026e-01
7.04203191e+00 3.96127905e-01
7.20249100e+00 3.73720099e-01
7.36660630e+00 3.52562992e-01
7.53446112e+00 3.32587872e-01
7.70614066e+00 3.13729731e-01
7.88173208e+00 2.95927067e-01
8.06132450e+00 2.79121707e-01
8.24500910e+00 2.63258625e-01
8.43287912e+00 2.48285776e-01
8.62502993e+00 2.34153942e-01
8.82155908e+00 2.20816576e-01
9.02256631e+00 2.08229662e-01
9.22815368e+00 1.96351584e-01
9.43842554e+00 1.85142985e-01
9.65348864e+00 1.74566656e-01
9.87345215e+00 1.64587424e-01
1.00984277e+01 1.55172039e-01
1.03285296e+01 1.46289075e-01
1.05638745e+01 1.37908829e-01
1.08045820e+01 1.30003229e-01
1.10507742e+01 1.22545746e-01
1.13025761e+01 1.15511312e-01
1.15601156e+01 1.08876240e-01
1.18235233e+01 1.02618143e-01
1.20929330e+01 9.67158751e-02
1.23684815e+01 9.11494562e-02
1.26503086e+01 8.59000127e-02
1.29385574e+01 8.09497166e-02
1.32333741e+01 7.62817281e-02
1.35349086e+01 7.18801423e-02
1.38433138e+01 6.77299377e-02
1.41587463e+01 6.38169280e-02
1.44813662e+01 6.01277156e-02
1.48113372e+01 5.66496478e-02
1.51488270e+01 5.33707779e-02
1.54940068e+01 5.02798261e-02
1.58470518e+01 4.73661433e-02
1.62081413e+01 4.46196762e-02
1.65774585e+01 4.20309343e-02
1.69551910e+01 3.95909589e-02
1.73415304e+01 3.72912939e-02
1.77366729e+01 3.51239577e-02
1.81408191e+01 3.30814169e-02
1.85541742e+01 3.11565607e-02
1.89769479e+01 2.93426792e-02
1.94093549e+01 2.76334404e-02
1.98516146e+01 2.60228693e-02
2.03039517e+01 2.45053281e-02
2.07665957e+01 2.30754978e-02
2.12397814e+01 2.17283595e-02
2.17237492e+01 2.04591786e-02
2.22187445e+01 1.92634885e-02
2.27250188e+01 1.81370749e-02
2.32428290e+01 1.70759626e-02
2.37724380e+01 1.60764020e-02
2.43141145e+01 1.51348565e-02
2.48681337e+01 1.42479905e-02
2.54347767e+01 1.34126584e-02
2.60143312e+01 1.26258935e-02
2.66070914e+01 1.18848980e-02
2.72133582e+01 1.11870339e-02
2.78334392e+01 1.05298135e-02
2.84676494e+01 9.91089058e-03
2.91163107e+01 9.32805322e-03
2.97797523e+01 8.77921592e-03
3.04583110e+01 8.26241257e-03
3.11523313e+01 7.77578970e-03
3.18621654e+01 7.31760005e-03
3.25881738e+01 6.88619655e-03
3.33307249e+01 6.48002669e-03
3.40901958e+01 6.09762707e-03
3.48669719e+01 5.73761819e-03
3.56614475e+01 5.39869963e-03
3.64740260e+01 5.07964584e-03
3.73051198e+01 4.77930187e-03
3.81551508e+01 4.49657936e-03
3.90245506e+01 4.23045275e-03
3.99137604e+01 3.97995564e-03
4.08232317e+01 3.74417746e-03
4.17534261e+01 3.52226023e-03
4.27048159e+01 3.31339558e-03
4.36778839e+01 3.11682189e-03
4.46731241e+01 2.93182160e-03
4.56910419e+01 2.75771872e-03
4.67321538e+01 2.59387641e-03
4.77969883e+01 2.43969472e-03
4.88860861e+01 2.29460853e-03
5.00000000e+01 2.15808547e-03
