5.00000000e-04 7.93550664e+02
5.11392954e-04 8.10805727e+02
5.23045507e-04 8.28427999e+02
5.34963574e-04 8.46424796e+02
5.47153205e-04 8.64803561e+02
5.59620588e-04 8.83571863e+02
5.72372051e-04 9.02737375e+02
5.85414068e-04 9.22307885e+02
5.98753260e-04 9.42291310e+02
6.12396397e-04 9.62695697e+02
6.26350405e-04 9.83529199e+02
6.40622368e-04 1.00480006e+03
6.55219530e-04 1.02651666e+03
6.70149302e-04 1.04868748e+03
6.85419263e-04 1.07132116e+03
7.01037164e-04 1.09442643e+03
7.17010932e-04 1.11801217e+03
7.33348678e-04 1.14208737e+03
7.50058693e-04 1.16666116e+03
7.67149462e-04 1.19174274e+03
7.84629659e-04 1.21734137e+03
8.02508159e-04 1.24346646e+03
8.20794036e-04 1.27012750e+03
8.39496574e-04 1.29733413e+03
8.58625266e-04 1.32509606e+03
8.78189822e-04 1.35342312e+03
8.98200175e-04 1.38232525e+03
9.18666482e-04 1.41181251e+03
9.39599132e-04 1.44189499e+03
9.61008752e-04 1.47258287e+03
9.82906209e-04 1.50388641e+03
1.00530262e-03 1.53581598e+03
1.02820935e-03 1.56838202e+03
1.05163804e-03 1.60159496e+03
1.07560057e-03 1.63546533e+03
1.10010910e-03 1.67000374e+03
1.12517609e-03 1.70522084e+03
1.15081425e-03 1.74112727e+03
1.17703659e-03 1.77773366e+03
1.20385644e-03 1.81505073e+03
1.23128740e-03 1.85308922e+03
1.25934341e-03 1.89185983e+03
1.28803869e-03 1.93137323e+03
1.31738782e-03 1.97164006e+03
1.34740570e-03 2.01267102e+03
1.37810756e-03 2.05447672e+03
1.40950899e-03 2.09706755e+03
1.44162594e-03 2.14045386e+03
1.47447469e-03 2.18464593e+03
1.50807194e-03 2.22965400e+03
1.54243473e-03 2.27548809e+03
1.57758050e-03 2.32215810e+03
1.61352711e-03 2.36967381e+03
1.65029279e-03 2.41804488e+03
1.68789621e-03 2.46728076e+03
1.72635646e-03 2.51739052e+03
1.76569306e-03 2.56838305e+03
1.80592598e-03 2.62026707e+03
1.84707564e-03 2.67305106e+03
1.88916294e-03 2.72674312e+03
1.93220923e-03 2.78135104e+03
1.97623638e-03 2.83688238e+03
2.02126672e-03 2.89334439e+03
2.06732311e-03 2.95074385e+03
2.11442895e-03 3.00908702e+03
2.16260813e-03 3.06837980e+03
2.21188512e-03 3.12862775e+03
2.26228494e-03 3.18983589e+03
2.31383315e-03 3.25200861e+03
2.36655594e-03 3.31514980e+03
2.42048007e-03 3.37926284e+03
2.47563291e-03 3.44435062e+03
2.53204245e-03 3.51041531e+03
2.58973734e-03 3.57745841e+03
2.64874686e-03 3.64548084e+03
2.70910096e-03 3.71448289e+03
2.77083029e-03 3.78446400e+03
2.83396617e-03 3.85542256e+03
2.89854067e-03 3.92735621e+03
2.96458655e-03 4.00026184e+03
3.03213734e-03 4.07413549e+03
3.10122735e-03 4.14897211e+03
3.17189163e-03 4.22476573e+03
3.24416606e-03 4.30150946e+03
3.31808733e-03 4.37919550e+03
3.39369297e-03 4.45781469e+03
3.47102134e-03 4.53735651e+03
3.55011172e-03 4.61780936e+03
3.63100424e-03 4.69916058e+03
3.71373997e-03 4.78139622e+03
3.79836091e-03 4.86450070e+03
3.88491001e-03 4.94845717e+03
3.97343121e-03 5.03324755e+03
4.06396945e-03 5.11885240e+03
4.15657069e-03 5.20525039e+03
4.25128193e-03 5.29241847e+03
4.34815125e-03 5.38033219e+03
4.44722782e-03 5.46896568e+03
4.54856195e-03 5.55829136e+03
4.65220506e-03 5.64827980e+03
4.75820978e-03 5.73889999e+03
4.86662991e-03 5.83011939e+03
4.97752050e-03 5.92190331e+03
5.09093782e-03 6.01421269e+03
5.20693947e-03 6.10700593e+03
5.32558431e-03 6.20023953e+03
5.44693259e-03 6.29386832e+03
5.57104589e-03 6.38784854e+03
5.69798724e-03 6.48213760e+03
5.82782105e-03 6.57669150e+03
5.96061325e-03 6.67146475e+03
6.09643123e-03 6.76640475e+03
6.23534396e-03 6.86144284e+03
6.37742193e-03 6.95650550e+03
6.52273729e-03 7.05151655e+03
6.67136378e-03 7.14639799e+03
6.82337686e-03 7.24107663e+03
6.97885370e-03 7.33548087e+03
7.13787322e-03 7.42953721e+03
7.30051615e-03 7.52317027e+03
7.46686504e-03 7.61630325e+03
7.63700434e-03 7.70885813e+03
7.81102042e-03 7.80075531e+03
7.98900162e-03 7.89191355e+03
8.17103828e-03 7.98224785e+03
8.35722281e-03 8.07166145e+03
8.54764972e-03 8.16005275e+03
8.74241568e-03 8.24731823e+03
8.94161957e-03 8.33335237e+03
9.14536249e-03 8.41804426e+03
9.35374788e-03 8.50127814e+03
9.56688152e-03 8.58293652e+03
9.78487161e-03 8.66290039e+03
1.00078288e-02 8.74104792e+03
1.02358663e-02 8.81725219e+03
1.04690998e-02 8.89138464e+03
1.07076477e-02 8.96331585e+03
1.09516312e-02 9.03291521e+03
1.12011741e-02 9.10004686e+03
1.14564030e-02 9.16457224e+03
1.17174475e-02 9.22635284e+03
1.19844402e-02 9.28525033e+03
1.22575166e-02 9.34112120e+03
1.25368152e-02 9.39381442e+03
1.28224780e-02 9.44317942e+03
1.31146498e-02 9.48906713e+03
1.34134790e-02 9.53132884e+03
1.37191173e-02 9.56981121e+03
1.40317198e-02 9.60436170e+03
1.43514453e-02 9.63483101e+03
1.46784560e-02 9.66107320e+03
1.50129180e-02 9.68294000e+03
1.53550010e-02 9.70028233e+03
1.57048786e-02 9.71295632e+03
1.60627285e-02 9.72082409e+03
1.64287324e-02 9.72375206e+03
1.68030760e-02 9.72160822e+03
1.71859493e-02 9.71426761e+03
1.75775468e-02 9.70161387e+03
1.79780672e-02 9.68353964e+03
1.83877138e-02 9.65994560e+03
1.88066945e-02 9.63074207e+03
1.92352221e-02 9.59585056e+03
1.96735141e-02 9.55520448e+03
2.01217930e-02 9.50875341e+03
2.05802864e-02 9.45646513e+03
2.10492269e-02 9.39832100e+03
2.15288526e-02 9.33431600e+03
2.20194071e-02 9.26446361e+03
2.25211393e-02 9.18881087e+03
2.30343039e-02 9.10742373e+03
2.35591614e-02 9.02038173e+03
2.40959783e-02 8.92777984e+03
2.46450271e-02 8.82975781e+03
2.52065864e-02 8.72649266e+03
2.57809414e-02 8.61817230e+03
2.63683836e-02 8.50499418e+03
2.69692111e-02 8.38719030e+03
2.75837291e-02 8.26505985e+03
2.82122494e-02 8.13891295e+03
2.88550911e-02 8.00906030e+03
2.95125806e-02 7.87582335e+03
3.01850516e-02 7.73960906e+03
3.08728454e-02 7.60085596e+03
3.15763112e-02 7.45998887e+03
3.22958061e-02 7.31741886e+03
3.30316954e-02 7.17359945e+03
3.37843526e-02 7.02904139e+03
3.45541598e-02 6.88423203e+03
3.53415077e-02 6.73962874e+03
3.61467960e-02 6.59569277e+03
3.69704336e-02 6.45299397e+03
3.78128385e-02 6.31209401e+03
3.86744384e-02 6.17350742e+03
3.95556706e-02 6.03769867e+03
4.04569825e-02 5.90501613e+03
4.13788316e-02 5.77571608e+03
4.23216859e-02 5.65002608e+03
4.32860239e-02 5.52814905e+03
4.42723353e-02 5.41037410e+03
4.52811207e-02 5.29721101e+03
4.63128921e-02 5.18915675e+03
4.73681735e-02 5.08666291e+03
4.84475003e-02 4.98999932e+03
4.95514206e-02 4.89876668e+03
5.06804947e-02 4.81240977e+03
5.18352959e-02 4.73041076e+03
5.30164102e-02 4.65228191e+03
5.42244372e-02 4.57755551e+03
5.54599903e-02 4.50579012e+03
5.67236965e-02 4.43656405e+03
5.80161975e-02 4.36936178e+03
5.93381492e-02 4.30359177e+03
6.06902229e-02 4.23869159e+03
6.20731047e-02 4.17401464e+03
6.34874968e-02 4.10872875e+03
6.49341171e-02 4.04202958e+03
6.64136999e-02 3.97305635e+03
6.79269964e-02 3.90075768e+03
6.94747747e-02 3.82414325e+03
7.10578206e-02 3.74245826e+03
7.26769376e-02 3.65525583e+03
7.43329476e-02 3.56223101e+03
7.60266913e-02 3.46350020e+03
7.77590285e-02 3.35947077e+03
7.95308386e-02 3.25075180e+03
8.13430210e-02 3.13841904e+03
8.31964957e-02 3.02360018e+03
8.50922034e-02 2.90759394e+03
8.70311065e-02 2.79172039e+03
8.90141894e-02 2.67728906e+03
9.10424585e-02 2.56560240e+03
9.31169436e-02 2.45791464e+03
9.52386978e-02 2.35553207e+03
9.74087980e-02 2.25956519e+03
9.96283460e-02 2.17101308e+03
1.01898468e-01 2.09074314e+03
1.04220317e-01 2.01922108e+03
1.06595072e-01 1.95640128e+03
1.09023938e-01 1.90199785e+03
1.11508147e-01 1.85492183e+03
1.14048962e-01 1.81391347e+03
1.16647671e-01 1.77722077e+03
1.19305594e-01 1.74295289e+03
1.22024080e-01 1.70915439e+03
1.24804510e-01 1.67392204e+03
1.27648294e-01 1.63564356e+03
1.30556876e-01 1.59301335e+03
1.33531733e-01 1.54533857e+03
1.36574375e-01 1.49240951e+03
1.39686346e-01 1.43470784e+03
1.42869226e-01 1.37316369e+03
1.46124632e-01 1.30917701e+03
1.49454214e-01 1.24452783e+03
1.52859664e-01 1.18121925e+03
1.56342710e-01 1.12145221e+03
1.59905121e-01 1.06714160e+03
1.63548704e-01 1.01969109e+03
1.67275310e-01 9.79509474e+02
1.71086830e-01 9.46102568e+02
1.74985199e-01 9.18230364e+02
1.78972396e-01 8.94271761e+02
1.83050444e-01 8.72434103e+02
1.87221415e-01 8.50804842e+02
1.91487425e-01 8.27465612e+02
1.95850640e-01 8.00874044e+02
2.00313274e-01 7.70406534e+02
2.04877594e-01 7.36552410e+02
2.09545916e-01 7.00680881e+02
2.14320611e-01 6.64573899e+02
2.19204100e-01 6.30042680e+02
2.24198865e-01 5.98662460e+02
2.29307440e-01 5.71454011e+02
2.34532418e-01 5.48613133e+02
2.39876452e-01 5.29508181e+02
2.45342255e-01 5.12889451e+02
2.50932601e-01 4.97132407e+02
2.56650328e-01 4.80610659e+02
2.62498339e-01 4.62290805e+02
2.68479602e-01 4.42140214e+02
2.74597154e-01 4.20923509e+02
2.80854100e-01 3.99736620e+02
2.87253615e-01 3.79755462e+02
2.93798950e-01 3.61964872e+02
3.00493426e-01 3.46678925e+02
3.07340441e-01 3.33370608e+02
3.14343473e-01 3.21081312e+02
3.21506074e-01 3.08880887e+02
3.28831882e-01 2.96108247e+02
3.36324615e-01 2.82634235e+02
3.43988077e-01 2.68973148e+02
3.51826158e-01 2.55903798e+02
3.59842837e-01 2.43951789e+02
3.68042182e-01 2.33244497e+02
3.76428358e-01 2.23534411e+02
3.85005620e-01 2.14275129e+02
3.93778323e-01 2.04985487e+02
4.02750919e-01 1.95575417e+02
4.11927965e-01 1.86274321e+02
4.21314118e-01 1.77411725e+02
4.30914143e-01 1.69231597e+02
4.40732913e-01 1.61683582e+02
4.50775413e-01 1.54519149e+02
4.61046740e-01 1.47534189e+02
4.71552109e-01 1.40634147e+02
4.82296852e-01 1.33954162e+02
4.93286424e-01 1.27633166e+02
5.04526403e-01 1.21705989e+02
5.16022495e-01 1.16102752e+02
5.27780537e-01 1.10695546e+02
5.39806495e-01 1.05458582e+02
5.52106477e-01 1.00422593e+02
5.64686724e-01 9.56496897e+01
5.77553624e-01 9.11244179e+01
5.90713708e-01 8.68076520e+01
6.04173657e-01 8.26552354e+01
6.17940302e-01 7.86791726e+01
6.32020633e-01 7.48889295e+01
6.46421798e-01 7.12863218e+01
6.61151105e-01 6.78511662e+01
6.76216034e-01 6.45699867e+01
6.91624231e-01 6.14367785e+01
7.07383517e-01 5.84459154e+01
7.23501893e-01 5.55919006e+01
7.39987541e-01 5.28693709e+01
7.56848829e-01 5.02730993e+01
7.74094317e-01 4.77979983e+01
7.91732759e-01 4.54391216e+01
8.09773109e-01 4.31916651e+01
8.28224525e-01 4.10509057e+01
8.47096373e-01 3.90120416e+01
8.66398234e-01 3.70704170e+01
8.86139904e-01 3.52215806e+01
9.06331407e-01 3.34612767e+01
9.26982991e-01 3.17854371e+01
9.48105141e-01 3.01901731e+01
9.69708578e-01 2.86717677e+01
9.91804268e-01 2.72266689e+01
1.01440343e+00 2.58514819e+01
1.03751753e+00 2.45429811e+01
1.06115831e+00 2.32981141e+01
1.08533777e+00 2.21139604e+01
1.11006818e+00 2.09877222e+01
1.13536209e+00 1.99167205e+01
1.16123234e+00 1.88983899e+01
1.18769208e+00 1.79302752e+01
1.21475472e+00 1.70100269e+01
1.24243401e+00 1.61353970e+01
1.27074400e+00 1.53042351e+01
1.29969905e+00 1.45144790e+01
1.32931388e+00 1.37641527e+01
1.35960350e+00 1.30513689e+01
1.39058330e+00 1.23743261e+01
1.42226901e+00 1.17313044e+01
1.45467670e+00 1.11206624e+01
1.48782283e+00 1.05408338e+01
1.52172422e+00 9.99032407e+00
1.55639809e+00 9.46770773e+00
1.59186203e+00 8.97162506e+00
1.62813406e+00 8.50077976e+00
1.66523257e+00 8.05393592e+00
1.70317641e+00 7.62991519e+00
1.74198483e+00 7.22759429e+00
1.78167754e+00 6.84590260e+00
1.82227468e+00 6.48381985e+00
1.86379686e+00 6.14037389e+00
1.90626516e+00 5.81463858e+00
1.94970115e+00 5.50573174e+00
1.99412686e+00 5.21281307e+00
2.03956485e+00 4.93508209e+00
2.08603819e+00 4.67177664e+00
2.13357046e+00 4.42217123e+00
2.18218581e+00 4.18557538e+00
2.23190889e+00 3.96133202e+00
2.28276496e+00 3.74881596e+00
2.33477984e+00 3.54743240e+00
2.38797992e+00 3.35661556e+00
2.44239221e+00 3.17582733e+00
2.49804433e+00 3.00455584e+00
2.55496454e+00 2.84231419e+00
2.61318173e+00 2.68863952e+00
2.67272545e+00 2.54309185e+00
2.73362593e+00 2.40525304e+00
2.79591407e+00 2.27472572e+00
2.85962152e+00 2.15113234e+00
2.92478059e+00 2.03411418e+00
2.99142437e+00 1.92333050e+00
3.05958669e+00 1.81845762e+00
3.12930216e+00 1.71918811e+00
3.20060615e+00 1.62522999e+00
3.27353487e+00 1.53630604e+00
3.34812533e+00 1.45215304e+00
3.42441541e+00 1.37252117e+00
3.50244383e+00 1.29717326e+00
3.58225019e+00 1.22588425e+00
3.66387501e+00 1.15844053e+00
3.74735973e+00 1.09463945e+00
3.83274673e+00 1.03428869e+00
3.92007935e+00 9.77205769e-01
4.00940191e+00 9.23217544e-01
4.10075978e+00 8.72159823e-01
4.19419932e+00 8.23876895e-01
4.28976796e+00 7.78221112e-01
4.38751422e+00 7.35052484e-01
4.48748771e+00 6.94238296e-01
4.58973920e+00 6.55652735e-01
4.69432057e+00 6.19176551e-01
4.80128493e+00 5.84696716e-01
4.91068657e+00 5.52106113e-01
5.02258102e+00 5.21303233e-01
5.13702509e+00 4.92191897e-01
5.25407688e+00 4.64680977e-01
5.37379579e+00 4.38684144e-01
5.49624261e+00 4.14119618e-01
5.62147949e+00 3.90909939e-01
5.74957001e+00 3.68981742e-01
5.88057918e+00 3.48265546e-01
6.01457352e+00 3.28695546e-01
6.15162104e+00 3.10209416e-01
6.29179132e+00 2.92748150e-01
6.43515550e+00 2.76255887e-01
6.58178636e+00 2.60679752e-01
6.73175834e+00 2.45969698e-01
6.88514757e+00 2.32078357e-01
7.04203191e+00 2.18960903e-01
7.20249100e+00 2.06574917e-01
7.36660630e+00 1.94880258e-01
7.53446112e+00 1.83838948e-01
7.70614066e+00 1.73415051e-01
7.88173208e+00 1.63574573e-01
8.06132450e+00 1.54285358e-01
8.24500910e+00 1.45516990e-01
8.43287912e+00 1.37240702e-01
8.62502993e+00 1.29429286e-01
8.82155908e+00 1.22057014e-01
9.02256631e+00 1.15099558e-01
9.22815368e+00 1.08533912e-01
9.43842554e+00 1.02338323e-01
9.65348864e+00 9.64922226e-02
9.87345215e+00 9.09761695e-02
1.00984277e+01 8.57717849e-02
1.03285296e+01 8.08616977e-02
1.05638745e+01 7.62294895e-02
1.08045820e+01 7.18596436e-02
1.10507742e+01 6.77374964e-02
1.13025761e+01 6.38491911e-02
1.15601156e+01 6.01816340e-02
1.18235233e+01 5.67224521e-02
1.20929330e+01 5.34599555e-02
1.23684815e+01 5.03831007e-02
1.26503086e+01 4.74814551e-02
1.29385574e+01 4.47451642e-02
1.32333741e+01 4.21649197e-02
1.35349086e+01 3.97319302e-02
1.38433138e+01 3.74378923e-02
1.41587463e+01 3.52749647e-02
1.44813662e+01 3.32357416e-02
1.48113372e+01 3.13132294e-02
1.51488270e+01 2.95008242e-02
1.54940068e+01 2.77922914e-02
1.58470518e+01 2.61817445e-02
1.62081413e+01 2.46636265e-02
1.65774585e+01 2.32326915e-02
1.69551910e+01 2.18839876e-02
1.73415304e+01 2.06128406e-02
1.77366729e+01 1.94148388e-02
1.81408191e+01 1.82858178e-02
1.85541742e+01 1.72218475e-02
1.89769479e+01 1.62192188e-02
1.94093549e+01 1.52744317e-02
1.98516146e+01 1.43841834e-02
2.03039517e+01 1.35453579e-02
2.07665957e+01 1.27550148e-02
2.12397814e+01 1.20103801e-02
2.17237492e+01 1.13088367e-02
2.22187445e+01 1.06479156e-02
2.27250188e+01 1.00252874e-02
2.32428290e+01 9.43875474e-03
2.37724380e+01 8.88624497e-03
2.43141145e+01 8.36580324e-03
2.48681337e+01 7.87558582e-03
2.54347767e+01 7.41385389e-03
2.60143312e+01 6.97896759e-03
2.66070914e+01 6.56938052e-03
2.72133582e+01 6.18363444e-03
2.78334392e+01 5.82035422e-03
2.84676494e+01 5.47824308e-03
2.91163107e+01 5.15607833e-03
2.97797523e+01 4.85270719e-03
3.04583110e+01 4.56704292e-03
3.11523313e+01 4.29806100e-03
3.18621654e+01 4.04479561e-03
3.25881738e+01 3.80633635e-03
3.33307249e+01 3.58182506e-03
3.40901958e+01 3.37045284e-03
3.48669719e+01 3.17145718e-03
3.56614475e+01 2.98411925e-03
3.64740260e+01 2.80776164e-03
3.73051198e+01 2.64174593e-03
3.81551508e+01 2.48547055e-03
3.90245506e+01 2.33836861e-03
3.99137604e+01 2.19990592e-03
4.08232317e+01 2.06957917e-03
4.17534261e+01 1.94691411e-03
4.27048159e+01 1.83146390e-03
4.36778839e+01 1.72280756e-03
4.46731241e+01 1.62054846e-03
4.56910419e+01 1.52431295e-03
4.67321538e+01 1.43374899e-03
4.77969883e+01 1.34852498e-03
4.88860861e+01 1.26832853e-03
5.00000000e+01 1.19286539e-03
